ID	fragScaff_scaffold_377_716935	fragScaff_scaffold_736_1066523	fragScaff_scaffold_1051_966138	fragScaff_scaffold_4115_157310	fragScaff_scaffold_4234_76761	fragScaff_scaffold_4896_899897	fragScaff_scaffold_5517_2042597	fragScaff_scaffold_5755_945812	fragScaff_scaffold_7811_1716666	fragScaff_scaffold_8670_1257365	fragScaff_scaffold_9980_858348	fragScaff_scaffold_10118_1433509	fragScaff_scaffold_10407_841483	fragScaff_scaffold_11166_1114045	fragScaff_scaffold_12524_3521375	fragScaff_scaffold_13556_1420996	fragScaff_scaffold_14103_6535926	fragScaff_scaffold_15322_8667596	fragScaff_scaffold_15882_3705524	fragScaff_scaffold_16081_96128
1009	0	9	0	9	0	2	0	2	0	9	0	1	2	0	0	0	0	0	2	0
1035	9	1	1	2	0	9	9	2	0	9	2	9	2	9	9	0	0	0	9	0
104	0	9	9	1	0	9	0	2	9	9	1	9	2	9	0	0	9	9	2	9
1054	0	1	9	1	0	1	9	2	0	9	0	9	2	9	0	0	9	0	2	2
1072	9	0	0	0	0	1	9	9	9	9	2	9	9	9	9	1	9	2	9	0
1094	9	0	0	9	0	1	9	2	9	9	0	9	9	0	9	0	9	9	2	2
1095	0	9	1	9	0	9	9	2	1	9	9	9	2	9	0	9	9	1	9	1
110	0	1	9	1	0	1	9	2	0	9	9	9	2	9	9	0	9	0	2	2
1101	0	1	0	9	0	0	1	2	0	0	2	2	2	0	9	0	0	1	2	1
1148	9	0	0	9	0	9	0	2	9	9	9	2	2	0	9	0	1	0	9	9
1231	0	9	9	9	1	9	9	2	0	1	9	9	2	9	0	0	9	0	2	1
1279	0	0	9	0	0	9	9	2	1	1	0	9	2	0	0	0	9	0	2	0
128	0	9	0	9	0	2	0	2	2	2	2	2	2	0	1	0	0	0	2	1
1280	0	1	0	0	0	1	0	2	2	9	0	2	2	9	0	0	9	9	9	2
1306	0	1	0	9	0	2	0	2	1	2	9	1	2	0	0	0	0	0	2	1
1310	9	1	9	0	0	9	9	2	0	2	9	9	2	0	0	0	9	0	2	1
1323	0	1	1	9	0	1	0	2	9	2	0	2	2	0	0	0	0	0	2	1
1326	0	0	9	0	0	0	9	2	0	1	2	2	2	0	0	0	9	9	2	2
1337	0	1	9	9	0	9	9	2	0	2	2	9	2	9	0	0	9	2	2	1
1341	0	1	0	9	0	1	0	9	9	9	0	2	2	0	0	0	0	0	2	0
1365	0	9	9	1	0	9	9	2	9	2	2	9	2	0	0	0	9	9	9	1
1398	0	9	0	0	0	1	9	2	0	9	0	0	2	0	9	9	1	0	9	9
1400	9	9	9	9	9	9	9	9	9	9	9	9	9	9	0	9	9	9	9	9
1504	0	0	1	1	0	0	0	2	0	1	9	2	2	0	0	0	9	0	2	9
1515	0	0	9	9	0	0	0	2	0	9	9	2	2	0	9	0	0	1	9	9
1592	0	9	9	9	0	1	0	2	0	1	1	2	2	0	1	0	1	0	2	1
166	1	9	1	0	0	2	0	2	0	2	1	1	2	0	0	0	0	2	2	0
1667	0	9	1	0	0	1	1	2	0	2	0	2	2	0	0	0	0	0	2	2
1805	9	0	9	9	0	9	9	2	0	2	9	9	2	0	0	0	9	0	9	2
1807	0	9	9	9	0	1	1	2	1	2	0	2	2	0	0	0	0	0	2	2
1871	0	9	1	1	0	0	9	9	9	2	0	2	2	9	0	1	9	9	2	2
1902	0	0	0	9	0	9	1	2	0	2	0	1	2	9	0	0	0	9	1	9
1923	1	1	1	0	0	2	0	2	1	2	0	1	2	0	0	0	0	0	2	2
1935	1	2	1	0	1	2	0	2	1	2	0	2	2	0	1	0	0	0	2	1
1936	0	0	1	1	0	0	9	2	9	9	1	9	2	9	0	9	9	0	2	9
1953	1	1	0	0	0	1	0	2	0	2	9	2	2	0	1	0	1	1	2	0
197	0	0	9	0	0	9	9	2	9	9	1	9	2	9	0	0	9	9	2	0
1994	0	9	0	9	0	9	0	2	0	2	9	2	2	0	9	0	0	1	9	0
2013	0	9	9	0	0	9	9	2	9	9	0	9	2	9	9	9	9	0	9	1
2020	9	9	9	1	9	9	9	2	0	9	9	9	2	9	0	0	9	9	9	9
2027	9	9	9	1	0	9	9	2	9	9	0	9	2	0	9	1	9	9	2	0
2043	0	0	1	9	0	9	9	9	9	1	2	2	9	0	0	0	0	0	2	9
2054	9	9	1	0	0	9	1	2	0	1	9	9	2	9	0	0	0	0	9	2
2057	0	1	9	1	0	9	0	2	0	1	2	9	2	9	9	0	0	9	9	1
2070	0	2	0	1	0	0	9	2	0	2	0	2	2	0	0	0	0	0	2	2
2092	0	9	1	9	0	9	9	2	9	9	9	2	2	0	0	0	0	9	2	2
212	0	1	0	9	0	9	0	2	0	2	9	0	2	9	0	0	0	0	1	1
2123	0	9	9	0	0	9	9	9	9	9	0	9	9	9	9	0	9	9	9	0
2168	0	0	0	9	0	2	0	2	0	2	9	0	2	0	1	0	9	0	2	2
2179	0	9	9	0	0	1	0	2	2	1	9	2	0	0	0	0	1	0	2	0
218	1	0	9	1	0	9	0	2	0	2	0	9	2	0	0	0	9	9	2	1
2180	0	9	0	9	0	0	0	2	0	1	9	2	2	9	9	0	0	0	9	2
219	0	9	0	0	0	1	0	2	0	1	0	9	2	0	0	0	1	0	9	1
222	0	9	0	9	2	1	0	2	1	2	9	2	2	0	0	0	0	0	9	0
2221	0	9	9	1	0	2	9	2	9	2	9	1	2	9	0	0	0	9	2	1
2227	9	0	9	1	0	9	9	2	9	2	2	9	2	9	0	0	9	0	9	1
2248	9	1	9	1	0	9	9	1	9	9	9	9	2	0	0	1	9	9	2	0
2250	0	9	9	9	0	9	9	2	9	2	2	9	2	9	0	0	9	1	9	1
2251	0	1	0	9	0	2	2	2	0	1	2	2	2	0	9	0	0	1	2	0
2274	9	1	1	9	0	2	0	2	1	2	0	1	2	0	0	0	0	1	2	1
2276	0	9	1	1	0	1	0	2	1	2	9	2	2	0	0	0	0	0	2	0
2304	0	9	1	9	0	0	0	2	0	2	0	2	2	9	0	0	0	0	1	0
2325	0	9	9	9	0	1	9	2	0	9	0	9	2	0	0	0	9	1	2	1
2350	0	1	1	9	0	9	0	2	0	2	0	2	2	0	0	0	1	0	2	1
2352	0	9	1	1	0	0	1	2	1	2	9	2	2	9	9	0	1	0	2	2
2378	9	1	9	9	0	9	9	2	0	2	2	9	2	9	9	0	9	0	9	0
2379	0	1	9	0	0	9	9	2	0	9	2	9	2	9	0	0	9	9	2	1
2381	0	0	9	0	0	9	9	2	0	2	9	9	2	9	0	0	9	0	2	0
2382	0	9	9	9	0	2	9	2	0	9	2	9	2	0	0	0	9	0	2	1
2406	0	0	9	9	0	9	9	2	9	2	1	9	2	9	0	0	9	1	2	1
242	0	9	0	9	0	1	0	2	1	0	2	1	2	0	0	0	0	1	2	9
245	0	1	0	1	0	1	0	2	1	2	1	2	2	0	0	9	0	0	2	0
2653	1	1	9	0	0	9	0	2	0	2	2	9	2	0	9	1	9	0	9	2
2654	1	9	1	9	0	9	0	2	9	9	0	9	2	0	1	9	0	0	2	2
2670	0	9	0	0	0	9	9	2	0	9	2	9	2	0	0	1	9	0	9	1
2678	9	9	9	9	0	9	9	2	9	2	9	2	2	9	0	1	0	0	9	2
2700	0	1	9	0	0	9	9	2	9	9	2	9	2	9	0	0	9	0	2	1
2712	9	9	9	1	0	9	9	2	0	2	9	9	2	9	9	0	9	0	2	0
2728	1	1	1	9	0	1	9	2	0	9	9	2	2	9	0	0	0	1	1	0
2733	9	9	9	0	9	1	9	2	1	2	0	2	2	9	9	0	0	1	1	1
2749	0	1	9	0	0	1	9	2	1	2	2	0	2	0	9	0	0	1	2	1
2750	9	0	1	1	0	9	9	2	0	9	2	9	2	0	0	1	9	0	9	1
2776	1	1	1	1	0	1	0	2	0	2	0	1	2	0	0	0	1	1	2	1
2777	0	9	9	1	0	1	9	2	9	2	2	9	2	0	9	1	9	0	2	2
2783	0	9	1	0	0	1	0	2	0	2	9	0	2	0	0	0	0	0	2	1
2809	1	0	1	1	0	9	9	2	0	2	1	9	2	9	9	1	9	9	9	2
2819	0	0	0	1	0	1	0	2	0	9	9	1	2	0	0	0	9	0	2	0
2830	0	9	9	9	0	9	9	2	9	9	9	9	2	9	9	0	9	9	9	1
2834	9	0	9	9	1	1	9	2	2	2	0	9	2	0	0	1	9	0	1	0
2842	9	1	9	1	0	9	9	2	9	9	9	9	2	9	0	0	9	0	9	0
2844	0	9	1	0	0	1	0	9	0	2	0	2	2	0	9	1	9	0	9	1
2876	0	9	0	0	1	1	1	2	0	2	9	2	2	0	0	1	0	0	1	1
288	0	0	0	0	0	9	0	2	1	2	0	9	2	9	9	9	9	0	2	1
2883	0	0	9	0	0	9	9	2	9	2	0	9	2	9	9	0	9	0	9	0
2893	1	1	9	1	0	9	0	2	1	2	9	2	2	9	0	0	0	0	2	0
2900	9	0	0	0	0	2	9	2	1	2	9	2	2	9	1	0	9	0	2	1
2914	0	9	9	9	1	9	9	2	9	9	9	9	2	9	9	0	0	0	9	9
2917	9	1	0	9	9	0	1	9	0	2	9	2	2	0	9	0	0	1	2	1
2920	0	0	0	0	0	9	0	2	0	2	2	9	1	0	0	0	9	0	2	1
2922	1	0	9	0	0	9	9	2	9	2	9	9	2	9	1	0	9	9	2	9
2928	0	1	9	0	0	1	9	2	1	2	2	9	2	9	9	0	9	9	9	2
2935	0	1	9	0	0	9	9	2	9	9	0	9	2	0	9	0	9	0	1	9
2951	0	1	9	0	0	2	9	2	0	2	0	9	2	0	9	0	9	0	2	1
2954	0	9	9	0	0	9	9	2	0	2	9	9	2	0	0	1	9	0	2	2
2980	0	9	9	0	0	9	0	2	0	9	2	2	2	0	9	0	1	1	9	2
300	9	9	0	0	0	9	9	2	1	2	1	9	2	9	9	0	9	0	9	0
3009	0	0	1	1	0	1	0	2	9	2	0	1	2	0	0	9	0	0	2	0
3112	9	1	9	0	0	9	9	2	0	9	9	9	2	0	0	0	9	9	1	0
3178	0	9	1	9	1	2	0	2	0	2	0	2	2	0	0	1	1	0	9	1
3179	1	0	9	0	1	9	9	2	0	2	0	9	2	0	0	0	9	1	2	0
3201	9	0	1	1	0	9	9	2	9	9	9	9	2	9	0	0	9	1	2	0
3204	0	9	1	9	0	2	1	2	9	1	9	1	2	0	0	0	0	9	1	0
3265	9	9	9	9	0	9	9	9	0	2	0	9	2	0	0	0	9	0	2	0
3284	0	9	9	9	0	9	9	2	9	9	0	9	2	0	1	0	0	9	2	1
3290	0	1	0	9	0	9	0	2	0	9	9	2	2	0	0	0	9	0	1	2
3291	1	9	1	9	0	0	0	2	0	1	0	9	2	0	9	1	0	0	2	9
331	9	9	1	0	0	9	0	2	9	9	0	2	2	0	0	9	9	0	2	0
3340	9	1	9	0	0	9	9	2	9	2	1	9	2	9	1	0	9	9	2	1
3381	0	9	0	9	0	2	1	2	0	2	1	2	2	0	9	0	1	0	2	1
3392	0	1	9	1	0	1	0	9	9	9	9	1	2	0	0	9	9	0	9	9
3397	1	9	9	0	0	1	9	2	0	1	9	2	2	0	0	0	0	0	2	1
3407	9	9	9	9	0	9	9	2	9	9	9	9	2	9	0	0	9	9	2	2
3418	0	0	1	0	0	2	0	2	1	2	2	1	2	0	0	0	0	9	2	2
3423	0	0	0	0	0	9	9	2	2	2	9	2	2	0	0	0	9	0	2	1
3431	9	9	1	9	0	9	9	2	9	9	1	9	2	9	1	0	0	9	9	1
3440	0	1	1	9	0	9	0	2	0	2	0	2	2	9	9	0	0	0	2	1
3462	0	0	0	9	0	9	9	2	0	1	2	9	2	0	9	0	9	9	1	2
3463	0	1	9	1	1	1	9	2	0	1	2	1	2	0	9	0	0	0	9	1
350	9	1	1	9	0	9	9	2	0	2	0	9	2	0	9	0	0	0	2	2
3531	9	9	9	0	0	2	9	2	0	9	9	9	2	9	9	0	9	0	9	1
3553	0	2	1	9	0	2	0	2	0	9	2	2	2	9	9	0	0	0	2	1
3558	1	9	9	9	0	9	9	2	9	2	9	2	2	0	0	0	0	2	2	9
3576	0	1	0	0	0	2	9	2	1	2	2	2	2	0	0	0	9	0	2	9
3586	9	9	9	1	0	9	9	2	9	9	2	9	2	0	0	9	9	9	2	2
360	0	0	0	1	0	9	0	2	0	2	9	2	2	0	0	0	0	9	1	1
37	9	0	9	1	1	9	9	2	9	9	0	9	2	9	9	0	9	9	9	1
3701	0	9	9	1	0	2	9	2	1	2	9	1	2	0	1	0	0	0	2	1
3722	0	9	1	0	0	2	0	2	0	2	1	1	2	0	0	0	1	0	2	1
3725	0	1	1	0	1	9	0	2	1	9	9	1	2	0	9	0	9	1	9	9
3729	0	9	9	1	0	9	9	2	9	9	0	9	2	0	9	0	0	0	9	1
3743	0	0	9	9	0	9	9	2	0	9	0	9	9	9	0	0	9	9	9	1
3749	0	1	1	9	0	2	9	2	9	2	9	0	2	9	9	0	0	2	2	1
3754	0	9	1	9	0	9	0	2	1	2	1	2	1	0	1	9	9	1	9	0
3770	0	9	9	1	0	9	0	2	0	0	9	1	2	0	0	0	9	9	2	1
3783	1	1	1	0	0	2	9	9	9	2	9	1	2	0	0	0	9	0	2	1
3787	0	1	9	0	0	9	9	2	0	2	2	9	2	0	0	0	9	9	1	1
3811	0	9	1	0	0	1	0	2	0	2	2	2	2	0	9	1	0	0	2	0
3812	1	0	9	9	0	9	0	2	2	1	0	2	2	0	0	0	0	9	2	0
3818	0	1	1	1	0	0	0	2	0	2	0	1	2	0	1	0	0	9	2	1
3830	0	9	0	1	0	0	9	2	0	2	1	1	2	0	0	0	9	0	2	0
3839	1	1	0	9	0	9	9	9	0	1	0	2	2	0	0	0	9	0	2	0
3867	0	9	9	0	0	1	9	2	0	1	9	1	2	0	0	0	0	9	2	1
3902	0	1	1	9	0	9	0	2	0	9	0	1	2	9	1	0	0	9	2	9
3908	0	2	1	1	0	1	1	2	0	2	0	1	2	0	0	0	0	0	2	1
3917	1	9	0	1	0	1	1	2	0	1	1	0	2	9	0	1	0	0	2	9
3947	1	9	1	0	0	9	0	2	0	2	9	2	2	0	1	0	0	0	2	2
397	0	1	9	9	1	2	1	2	9	2	2	9	2	0	9	0	0	0	1	0
3972	0	9	9	0	0	9	1	9	1	9	9	9	2	0	0	9	0	9	9	2
3978	1	1	9	0	0	9	9	2	1	9	2	9	2	0	9	0	9	9	9	9
400	0	1	0	9	1	1	9	2	0	9	2	2	2	0	0	0	0	0	9	1
445	0	9	0	9	1	9	9	2	0	9	1	2	2	9	0	0	0	1	1	1
487	9	9	1	1	0	1	0	2	0	0	0	2	2	0	0	0	0	0	2	1
560	0	9	9	9	0	9	9	2	9	2	9	2	2	0	0	0	9	9	9	1
562	0	1	1	1	0	1	9	2	1	2	9	2	2	0	0	0	2	0	2	1
587	0	1	0	1	0	1	9	2	1	9	9	1	2	9	1	0	0	9	2	2
601	0	9	9	0	0	1	1	9	0	1	0	2	2	1	0	9	0	0	2	0
604	0	1	9	0	0	9	9	2	0	9	0	9	9	0	9	0	9	0	1	2
610	9	0	9	9	0	9	9	2	1	1	9	9	2	0	9	0	0	0	2	2
611	0	0	9	0	0	9	9	9	0	2	0	2	2	0	9	1	9	0	2	0
617	9	1	9	0	0	9	9	2	9	9	2	9	2	0	9	0	9	1	9	1
619	9	9	0	1	0	0	9	2	9	2	9	2	9	9	0	0	9	0	9	1
62	0	9	1	9	0	1	0	2	0	0	0	1	9	0	0	0	0	9	2	0
620	0	9	1	9	0	0	0	2	0	1	1	0	2	0	0	0	0	9	2	9
704	0	1	1	9	0	9	0	2	0	9	2	9	2	9	9	0	0	0	9	9
747	9	9	9	0	0	9	9	2	9	2	9	9	9	9	1	0	9	0	2	2
753	0	9	9	0	0	9	9	2	9	9	0	9	9	9	9	0	9	9	2	2
780	9	9	9	0	0	9	9	2	9	9	0	9	2	0	0	0	9	0	9	0
803	0	9	9	0	1	1	1	2	0	1	1	0	2	9	0	0	0	0	2	1
810	0	1	0	1	0	9	9	2	9	9	2	9	2	0	1	0	0	0	2	0
819	0	9	0	0	0	1	9	2	0	2	1	2	2	0	9	9	0	0	2	0
830	9	1	0	0	0	1	0	2	0	9	9	2	2	9	0	0	0	9	9	9
831	0	1	0	0	0	1	0	2	0	2	0	2	2	0	0	0	0	0	2	1
845	9	1	1	0	0	9	9	2	9	2	2	9	2	9	0	0	0	0	2	0
849	0	9	0	0	0	9	9	2	9	2	2	2	2	0	9	0	0	0	2	9
851	0	0	0	1	0	0	0	2	1	2	2	9	2	0	0	0	9	0	2	0
854	0	9	9	9	1	9	9	2	1	9	0	9	2	0	0	0	9	1	2	2
882	9	9	0	0	0	9	9	2	2	9	9	1	2	9	9	0	0	0	2	1
901	9	9	9	0	0	1	9	2	0	2	9	1	2	0	0	0	0	0	2	1
92	0	9	0	9	0	9	0	2	0	0	0	9	2	0	0	1	0	1	2	0
921	9	9	1	0	0	9	9	9	9	9	9	9	2	0	9	0	9	0	1	0
940	0	0	9	0	0	9	9	2	9	9	9	2	2	0	1	0	9	0	9	2
949	9	1	9	0	0	9	9	2	9	9	9	9	2	0	0	0	9	0	2	2
960	1	9	9	0	0	9	1	2	1	2	9	2	2	0	0	0	9	0	9	1
961	9	0	9	0	9	9	9	2	9	2	9	2	2	9	0	0	9	9	9	0
962	0	0	1	0	1	0	0	2	0	1	0	2	2	0	0	0	0	0	9	1
99	1	1	9	1	0	9	9	2	0	2	2	1	2	0	9	0	0	9	2	1
997	0	1	9	9	0	1	0	2	0	2	0	2	2	0	9	0	9	0	2	2