ID	fragScaff_scaffold_907_1232497	fragScaff_scaffold_2031_33739	fragScaff_scaffold_2316_5038057	fragScaff_scaffold_3407_3506056	fragScaff_scaffold_3908_142591	fragScaff_scaffold_5406_3883361	fragScaff_scaffold_5594_2012513	fragScaff_scaffold_5625_139405	fragScaff_scaffold_7799_278758	fragScaff_scaffold_11843_4191667	fragScaff_scaffold_12135_2586004	fragScaff_scaffold_12415_668496	fragScaff_scaffold_13743_769133	fragScaff_scaffold_14420_1228421	fragScaff_scaffold_14881_1902427
1009	1	1	2	2	0	0	1	0	2	9	2	2	2	0	2
1035	1	9	9	2	2	0	2	9	1	1	2	2	9	2	2
104	0	9	2	2	9	9	9	9	2	9	2	2	2	9	0
1054	0	9	2	1	1	0	2	9	1	0	2	9	2	9	0
1072	0	9	2	2	9	0	2	9	9	0	2	2	2	2	9
1094	9	2	2	2	0	0	2	9	9	2	2	2	2	2	2
1095	9	2	2	2	0	0	9	0	2	9	2	9	9	9	2
110	0	2	2	2	0	0	2	0	2	0	2	2	2	0	9
1101	1	2	2	2	1	0	2	1	2	2	2	2	2	0	0
1148	9	9	2	9	9	0	2	9	1	9	2	9	2	9	9
1231	2	9	2	2	9	0	2	1	9	1	2	1	2	9	9
1279	0	9	2	2	0	0	2	9	1	2	2	2	2	0	0
128	0	9	2	2	0	0	1	0	2	1	2	2	2	0	9
1280	0	9	2	2	9	0	9	9	2	2	2	2	2	9	1
1306	0	2	9	2	9	0	1	0	2	0	2	2	2	2	2
1310	0	9	2	2	0	0	2	0	1	2	2	2	2	9	9
1323	1	0	2	2	9	1	2	1	2	2	2	2	0	1	0
1326	2	9	2	2	2	0	2	1	1	0	2	2	2	9	2
1337	1	9	1	2	2	1	2	9	9	1	2	9	2	9	9
1341	9	2	9	2	2	0	2	1	1	9	2	2	2	2	0
1365	1	9	2	2	9	0	2	9	2	0	2	2	9	9	9
1398	0	2	2	2	0	0	2	9	2	9	2	2	2	9	0
1400	9	9	9	9	9	9	9	0	9	2	9	9	9	9	9
1504	9	2	2	2	9	0	2	9	1	1	2	1	2	0	2
1515	9	2	2	2	9	1	2	9	2	9	2	2	9	2	9
1592	0	2	2	2	0	0	2	0	1	9	2	2	2	2	9
166	2	2	2	2	9	0	1	9	1	0	2	2	9	9	2
1667	0	2	2	2	2	0	1	0	9	0	2	2	2	2	1
1805	1	1	2	9	1	1	2	9	9	2	2	1	9	9	2
1807	1	2	2	2	9	0	2	1	2	1	2	2	2	2	0
1871	0	9	2	2	9	0	2	1	1	9	2	9	9	9	0
1902	1	9	2	2	9	0	2	0	9	9	2	9	2	2	2
1923	0	9	2	2	0	1	1	1	9	0	2	2	2	9	2
1935	1	1	2	2	0	0	2	9	2	9	2	1	2	2	1
1936	9	9	2	2	0	0	2	9	2	9	2	2	2	0	0
1953	1	1	2	2	1	0	2	1	9	2	2	2	2	1	0
197	0	9	2	1	0	1	9	1	1	0	9	2	9	9	0
1994	2	2	2	2	2	0	2	1	2	9	2	9	1	9	9
2013	0	9	9	2	9	1	2	9	1	1	2	2	2	9	0
2020	9	9	2	2	0	0	2	9	1	1	2	9	2	9	9
2027	0	9	2	9	1	0	9	0	2	9	2	2	2	2	0
2043	1	2	2	2	9	9	2	9	1	9	9	2	2	9	9
2054	1	9	9	2	0	0	2	0	9	9	2	2	2	0	9
2057	0	9	9	2	0	0	1	9	9	2	2	9	2	9	0
2070	0	9	2	2	1	0	2	9	1	2	2	2	2	2	9
2092	0	9	2	2	9	0	2	9	2	9	2	2	9	2	0
212	0	9	2	2	9	0	2	0	2	0	2	2	2	9	0
2123	0	9	9	9	0	0	9	9	2	9	2	2	2	9	1
2168	1	9	2	2	9	0	2	0	2	9	2	2	2	2	2
2179	1	9	2	2	1	0	2	9	1	0	2	2	2	9	2
218	1	9	2	2	1	1	2	1	9	1	2	2	2	1	0
2180	0	2	2	1	9	0	2	1	1	9	2	2	9	9	0
219	1	2	2	2	0	0	2	0	2	2	2	2	2	9	2
222	0	9	2	2	0	0	2	0	9	2	2	2	2	2	0
2221	0	9	9	2	2	0	2	1	2	1	2	9	2	9	2
2227	0	9	9	2	0	0	2	9	2	2	2	2	2	0	1
2248	0	9	2	2	2	1	2	9	2	9	9	9	9	9	9
2250	2	9	2	2	9	0	2	0	9	0	2	2	9	1	9
2251	0	2	2	2	0	0	2	1	2	1	2	1	2	2	0
2274	2	2	2	9	9	0	2	1	9	9	1	2	2	9	9
2276	0	9	2	2	0	1	9	1	1	9	2	2	2	9	1
2304	1	9	2	1	9	0	2	0	2	9	9	9	2	9	0
2325	0	2	2	2	2	0	2	9	9	0	2	0	2	9	9
2350	0	9	2	2	9	9	2	9	1	1	2	1	2	2	2
2352	0	2	2	2	0	0	2	1	1	2	2	9	2	9	2
2378	1	9	2	2	9	0	2	1	2	9	9	2	2	9	9
2379	2	9	9	2	2	0	2	9	2	2	2	2	9	9	0
2381	0	9	2	2	0	0	2	0	2	2	2	2	2	9	1
2382	0	9	2	1	2	0	2	9	2	1	2	2	2	1	9
2406	0	9	2	2	9	0	1	0	2	0	2	2	9	9	2
242	0	2	2	2	0	0	2	0	9	9	2	2	2	0	0
245	0	2	2	1	2	0	2	1	2	1	2	2	9	9	2
2653	0	2	2	2	1	0	2	0	2	2	2	2	2	9	0
2654	0	9	2	2	2	9	2	2	2	9	2	2	1	9	9
2670	0	9	2	2	2	0	2	9	2	0	2	2	2	9	0
2678	0	9	2	2	9	0	2	1	2	1	2	2	2	9	1
2700	0	9	2	2	9	0	2	9	9	9	2	9	2	0	9
2712	0	9	2	2	1	0	2	9	1	1	2	2	1	9	0
2728	0	2	2	2	2	1	9	1	9	1	2	2	2	0	0
2733	1	9	2	2	0	0	2	1	2	1	1	2	9	0	1
2749	0	2	2	2	9	0	2	0	2	0	2	2	2	9	9
2750	0	9	2	2	2	0	2	1	2	1	2	2	2	9	0
2776	2	9	2	2	1	9	2	0	2	9	2	2	2	2	9
2777	1	2	2	1	9	0	2	0	1	1	2	2	2	2	2
2783	2	2	2	2	0	0	2	1	9	0	2	2	2	9	2
2809	0	9	2	2	9	0	2	9	9	1	2	2	9	9	2
2819	0	2	2	2	0	0	2	1	2	2	2	2	2	1	0
2830	0	9	2	2	2	0	2	9	1	2	2	9	9	9	2
2834	0	2	2	2	0	0	2	0	1	2	2	2	2	9	0
2842	1	9	2	2	0	0	2	9	1	2	2	9	9	9	2
2844	0	9	2	2	0	0	1	0	1	2	2	2	2	2	0
2876	1	9	1	2	0	0	2	1	2	1	2	2	2	1	2
288	1	9	9	2	9	0	2	9	2	0	2	2	2	9	2
2883	0	9	9	2	9	1	2	9	2	0	2	9	9	9	9
2893	0	2	1	2	0	0	9	9	2	9	2	2	2	9	9
2900	1	2	2	2	9	1	2	9	2	1	2	2	1	9	0
2914	9	9	2	9	9	9	2	9	9	1	0	2	1	9	9
2917	9	9	2	2	0	0	2	1	2	1	2	2	2	1	2
2920	2	2	2	1	9	0	2	9	9	1	2	2	2	9	2
2922	0	9	2	2	0	0	2	9	9	2	2	2	2	9	2
2928	0	9	1	2	0	0	2	1	2	1	1	9	2	0	9
2935	0	9	2	2	0	0	2	9	9	9	2	9	2	9	0
2951	0	9	2	1	9	0	2	1	9	0	2	2	2	9	0
2954	1	9	2	2	2	0	2	1	1	0	2	9	1	9	2
2980	1	9	2	2	1	0	2	0	2	1	2	2	9	9	9
300	9	2	9	2	9	0	9	9	9	2	2	9	1	9	9
3009	9	9	2	2	9	0	2	0	2	2	2	2	2	9	0
3112	0	9	2	2	9	1	9	9	2	2	2	2	9	9	9
3178	0	2	2	2	0	0	2	0	1	9	2	2	2	9	9
3179	2	9	2	2	1	1	2	0	9	1	2	1	2	9	0
3201	0	9	2	2	2	0	2	9	1	1	2	2	2	0	1
3204	0	2	2	2	9	0	2	0	1	9	2	2	2	9	2
3265	0	9	2	2	9	1	2	9	1	2	2	9	2	9	0
3284	0	2	2	2	0	0	2	9	1	2	2	2	2	9	2
3290	0	2	2	2	9	1	2	9	2	9	2	2	2	9	2
3291	1	0	2	2	1	0	2	1	9	9	2	2	2	9	0
331	0	2	2	2	2	0	9	0	1	9	2	2	2	9	9
3340	0	9	2	2	0	0	1	9	1	0	2	9	2	9	9
3381	1	9	2	2	1	0	2	0	1	1	2	2	9	1	2
3392	1	2	2	1	0	0	2	1	1	9	2	2	2	1	9
3397	1	2	2	2	2	0	2	1	2	1	2	2	1	0	9
3407	9	9	9	9	9	2	2	9	1	2	2	9	2	9	0
3418	0	9	9	2	9	0	2	0	1	2	2	9	9	2	0
3423	0	9	2	2	1	0	2	0	1	2	2	2	2	9	2
3431	9	9	2	2	9	0	9	0	9	9	2	2	9	9	0
3440	1	2	2	2	0	0	2	9	9	1	2	2	1	2	0
3462	0	9	2	2	1	1	2	9	1	0	2	2	2	9	1
3463	9	2	9	1	9	0	2	0	9	9	9	2	0	2	0
350	0	2	2	1	1	0	2	0	9	0	2	2	2	9	1
3531	0	2	2	2	2	0	2	1	1	0	2	2	2	9	2
3553	1	2	2	2	0	0	2	9	9	9	2	2	9	2	0
3558	9	9	9	2	9	0	2	0	1	1	2	2	2	9	9
3576	0	2	1	2	0	0	2	0	9	2	2	2	2	0	2
3586	1	2	2	2	9	9	2	9	2	9	9	2	9	9	2
360	2	2	2	2	2	0	2	0	9	2	2	9	2	0	2
37	2	9	9	2	9	1	2	9	2	1	2	2	9	9	1
3701	0	9	2	2	0	0	9	0	2	2	2	1	2	0	1
3722	0	2	2	2	0	0	2	0	9	9	2	2	2	2	1
3725	9	9	9	2	0	1	2	1	2	9	2	2	9	9	2
3729	0	2	2	2	0	9	2	1	9	9	2	2	2	9	0
3743	9	9	9	2	9	0	2	0	1	0	2	2	9	9	1
3749	9	2	2	2	1	0	9	0	2	1	2	2	1	9	0
3754	0	2	2	2	0	0	2	0	2	1	2	2	2	9	1
3770	0	9	2	2	0	0	9	9	1	1	2	2	2	9	9
3783	0	2	2	1	0	0	2	0	9	9	2	2	9	9	2
3787	1	9	1	2	0	1	2	9	9	2	2	9	2	9	0
3811	0	1	2	2	0	0	2	1	1	9	2	2	2	0	1
3812	0	2	9	2	9	0	2	0	2	0	2	2	0	9	9
3818	9	2	2	2	1	1	2	0	2	2	2	2	2	9	0
3830	0	2	2	2	0	0	2	1	2	9	2	2	2	0	2
3839	0	9	2	2	1	2	2	0	9	9	2	2	2	0	0
3867	1	9	2	2	0	0	2	9	9	9	2	2	2	1	1
3902	9	2	2	2	1	0	2	9	9	2	2	9	2	0	0
3908	0	1	2	2	0	0	2	1	9	1	2	2	2	2	9
3917	1	1	2	2	0	0	2	1	1	1	2	2	2	0	2
3947	0	9	2	2	0	0	2	0	1	2	1	2	2	9	0
397	1	2	2	2	9	0	2	9	1	9	2	2	2	1	0
3972	0	9	2	9	9	9	2	9	2	1	2	2	2	9	9
3978	0	2	2	2	0	0	1	1	2	0	2	9	2	2	9
400	2	9	2	2	9	0	2	0	9	1	2	2	2	0	2
445	1	2	2	2	1	9	2	0	9	0	2	2	9	9	0
487	1	2	2	2	0	1	2	0	2	2	2	2	2	2	2
560	1	9	2	2	9	0	2	9	2	2	2	2	9	9	9
562	0	0	2	2	2	0	2	0	1	1	2	2	2	9	2
587	1	2	2	2	2	0	2	0	9	2	1	2	2	9	2
601	2	2	2	2	0	0	2	9	1	2	2	2	2	9	1
604	0	9	2	2	0	1	2	9	2	2	2	2	2	9	9
610	1	9	2	2	0	0	1	1	2	0	2	2	9	0	0
611	9	9	2	2	0	0	1	1	9	9	2	9	2	9	9
617	9	9	1	2	1	1	2	9	1	2	2	2	9	9	9
619	0	2	9	2	9	1	2	9	9	9	2	2	2	9	9
62	0	2	2	2	1	0	1	0	2	2	2	2	9	2	9
620	0	2	2	2	9	0	2	0	2	9	2	2	2	0	9
704	0	2	2	2	9	0	2	0	9	9	2	2	2	9	0
747	1	2	2	2	9	0	2	9	1	9	9	2	2	9	9
753	1	9	2	2	9	0	2	9	9	0	9	2	2	9	9
780	1	9	2	2	9	0	1	9	2	1	2	2	9	9	0
803	0	9	2	2	1	0	2	1	2	1	2	9	2	9	0
810	1	9	2	2	0	0	2	9	1	2	2	2	9	0	0
819	0	9	2	1	0	0	2	0	2	9	2	2	9	9	0
830	0	2	2	2	2	0	2	9	1	9	2	2	2	9	9
831	0	2	2	2	2	0	2	0	2	9	2	2	2	0	2
845	0	9	2	2	0	0	2	2	1	2	2	2	2	0	0
849	0	2	2	2	0	0	2	0	2	1	2	9	2	9	9
851	1	9	2	1	0	0	2	1	2	1	2	2	2	0	2
854	0	9	9	2	0	0	2	9	1	2	2	2	2	9	9
882	0	2	9	2	0	0	2	0	2	9	2	2	2	9	9
901	0	2	2	2	0	1	9	9	9	2	2	2	2	2	0
92	0	2	2	2	9	0	1	1	1	9	2	2	2	2	9
921	2	9	2	1	9	0	2	9	2	9	2	2	1	9	9
940	9	9	2	2	9	0	2	9	1	2	2	2	2	9	9
949	0	9	2	2	1	0	2	9	1	2	2	9	2	9	0
960	0	9	9	2	9	0	2	9	2	9	2	2	2	9	9
961	0	9	1	9	2	0	2	9	2	2	2	2	2	9	2
962	0	2	2	2	2	0	2	0	2	9	2	2	2	0	0
99	0	9	2	2	9	0	2	1	2	1	2	2	2	0	9
997	0	9	2	2	0	9	2	1	1	0	2	2	1	0	2