ID	fragScaff_scaffold_11_79512	fragScaff_scaffold_294_1081867	fragScaff_scaffold_313_797634	fragScaff_scaffold_784_47542	fragScaff_scaffold_1374_2371626	fragScaff_scaffold_1475_2280671	fragScaff_scaffold_1494_533204	fragScaff_scaffold_1851_133955	fragScaff_scaffold_1868_195726	fragScaff_scaffold_2064_1797724	fragScaff_scaffold_2509_2286765	fragScaff_scaffold_3396_2989453	fragScaff_scaffold_3396_3197624	fragScaff_scaffold_3490_572638	fragScaff_scaffold_3643_219573	fragScaff_scaffold_3654_3289363	fragScaff_scaffold_3725_13195	fragScaff_scaffold_3725_13206	fragScaff_scaffold_3751_1567722	fragScaff_scaffold_3780_305105	fragScaff_scaffold_4626_1383928	fragScaff_scaffold_4803_982771	fragScaff_scaffold_4969_3614713	fragScaff_scaffold_5127_1657641	fragScaff_scaffold_5285_12084	fragScaff_scaffold_5339_9922343	fragScaff_scaffold_5339_20531623	fragScaff_scaffold_5830_661137	fragScaff_scaffold_6256_351166	fragScaff_scaffold_6301_3510515	fragScaff_scaffold_6650_3616131	fragScaff_scaffold_7008_950775	fragScaff_scaffold_7154_646550	fragScaff_scaffold_7488_3488290	fragScaff_scaffold_7545_451890	fragScaff_scaffold_7799_258741	fragScaff_scaffold_7967_408314	fragScaff_scaffold_8158_2183366	fragScaff_scaffold_8268_815606	fragScaff_scaffold_8491_330414	fragScaff_scaffold_8517_1465710	fragScaff_scaffold_8845_1319326	fragScaff_scaffold_9288_2791170	fragScaff_scaffold_9332_542867	fragScaff_scaffold_9385_815226	fragScaff_scaffold_9599_119819	fragScaff_scaffold_9625_1506916	fragScaff_scaffold_9776_10309906	fragScaff_scaffold_10005_1118405	fragScaff_scaffold_10552_160151	fragScaff_scaffold_10559_328096	fragScaff_scaffold_10891_5282170	fragScaff_scaffold_10891_5575501	fragScaff_scaffold_10956_598829	fragScaff_scaffold_11116_3998077	fragScaff_scaffold_11317_2661633	fragScaff_scaffold_11596_3127325	fragScaff_scaffold_11772_2150433	fragScaff_scaffold_12150_2548346	fragScaff_scaffold_12284_204718	fragScaff_scaffold_12457_3199713	fragScaff_scaffold_12807_2460191	fragScaff_scaffold_13081_1317660	fragScaff_scaffold_13365_5303724	fragScaff_scaffold_13430_457731	fragScaff_scaffold_13490_12378844	fragScaff_scaffold_13494_1939732	fragScaff_scaffold_13577_1417496	fragScaff_scaffold_13645_2639675	fragScaff_scaffold_13667_256624	fragScaff_scaffold_14016_1146759	fragScaff_scaffold_14041_1437755	fragScaff_scaffold_14048_3291447	fragScaff_scaffold_14234_780052	fragScaff_scaffold_14234_780106	fragScaff_scaffold_14241_210116	fragScaff_scaffold_14601_2437415	fragScaff_scaffold_15550_148706	fragScaff_scaffold_15755_4054506	fragScaff_scaffold_16179_24202	fragScaff_scaffold_16223_9442487	fragScaff_scaffold_16292_1384971
1009	2	2	2	0	2	2	9	0	1	0	2	2	2	2	2	9	2	2	1	2	9	2	0	2	9	2	0	0	9	1	2	1	0	1	0	0	0	2	2	1	2	2	2	0	2	0	1	1	0	0	2	2	2	2	2	0	2	2	9	1	2	0	2	2	2	0	1	0	1	2	1	0	0	2	0	9	9	9	0	0	0	0
1035	2	2	9	9	9	9	1	9	0	0	1	9	1	2	2	9	2	2	0	1	0	2	9	9	9	9	1	0	2	1	9	2	9	2	0	0	0	2	9	9	2	2	9	0	9	0	9	9	0	0	9	9	9	2	2	9	9	9	0	9	2	9	0	9	9	9	2	9	0	9	2	0	9	9	0	2	9	9	0	0	1	0
104	2	2	2	0	9	2	9	0	1	0	2	9	0	2	2	0	2	2	0	9	9	9	0	2	2	2	1	0	2	9	2	2	9	9	0	0	9	9	2	2	1	2	9	0	2	0	9	9	9	0	9	9	1	2	9	0	9	9	0	2	2	0	2	9	2	9	1	9	0	9	2	9	9	2	9	9	9	0	0	9	9	0
1054	2	2	9	0	2	9	9	9	0	1	2	9	1	2	2	0	9	9	0	2	1	2	9	9	9	9	0	0	2	9	2	2	0	9	9	0	0	2	2	1	9	2	9	0	9	9	9	2	0	0	2	9	2	2	2	9	9	9	0	2	2	9	2	9	2	9	2	9	0	9	9	0	9	9	1	2	9	0	0	1	1	0
1072	2	2	2	9	9	9	9	9	0	9	2	9	0	2	2	0	2	2	0	9	9	9	9	9	9	9	9	0	2	1	9	1	0	9	9	0	9	9	2	9	2	2	2	9	9	9	9	9	0	0	9	9	2	2	9	9	9	9	0	9	2	0	0	9	2	0	2	0	9	9	9	0	9	9	1	9	9	9	0	9	0	0
1094	2	2	9	0	2	9	9	9	0	9	2	9	9	0	2	9	9	9	0	2	1	2	0	9	9	9	2	0	1	9	2	1	9	2	0	0	9	2	2	9	2	2	2	9	9	0	9	2	0	0	2	2	9	2	9	9	9	9	0	9	9	0	9	9	9	0	2	0	9	9	9	9	9	9	0	1	0	9	0	9	9	0
1095	9	2	2	9	2	9	9	9	0	9	2	9	0	2	2	9	2	2	0	2	9	9	9	2	2	9	1	9	9	9	9	1	0	2	9	0	0	2	9	9	2	2	2	0	9	0	9	9	9	0	9	9	2	2	9	9	2	9	9	2	2	9	0	9	9	1	2	0	9	9	9	0	9	9	0	9	9	9	0	9	9	0
110	2	2	2	9	9	9	9	0	0	9	2	1	0	2	2	0	2	2	1	1	1	2	9	9	2	2	0	0	1	1	2	2	9	9	0	0	0	2	9	1	2	2	2	0	2	0	1	1	0	0	2	2	9	2	2	0	2	2	9	2	2	0	0	9	2	9	2	9	1	9	9	0	9	2	9	2	9	1	9	0	9	0
1101	2	0	2	0	2	2	9	0	1	0	1	1	1	2	2	0	2	2	0	2	0	9	9	2	2	2	0	0	9	1	2	2	0	2	0	0	2	2	2	0	1	2	2	0	2	2	0	1	0	2	1	9	2	2	2	0	2	2	9	2	2	0	9	9	1	0	2	1	0	2	2	0	1	2	0	2	0	0	0	2	0	1
1148	2	2	9	0	9	9	0	9	1	9	2	2	9	2	2	0	2	2	9	2	9	9	0	2	2	2	9	9	9	9	9	9	9	2	9	0	9	2	2	9	9	2	9	0	9	0	9	9	0	0	2	1	1	2	2	9	2	9	9	2	9	0	9	2	2	9	2	9	0	2	9	0	9	9	1	9	9	0	0	1	1	0
1231	2	0	2	1	2	9	1	9	0	0	1	9	2	2	2	9	2	2	0	0	9	9	9	2	9	2	9	0	2	9	2	2	0	2	0	0	0	2	2	9	9	2	9	0	2	2	9	2	0	2	2	2	9	9	2	9	2	1	1	9	2	9	0	2	9	9	2	0	0	9	0	9	9	9	0	2	0	0	1	1	0	0
1279	2	2	9	0	9	9	9	9	1	0	2	2	2	2	2	9	2	2	0	2	0	2	0	9	9	9	2	0	2	1	2	2	0	2	0	0	9	2	2	9	2	2	9	0	9	9	0	2	9	0	9	9	9	2	9	0	9	9	0	2	2	0	0	9	9	9	0	0	0	9	2	9	9	9	0	2	0	0	0	9	1	0
128	2	2	9	0	2	2	1	0	9	0	2	2	2	2	2	9	2	2	0	2	9	2	0	2	2	2	2	0	2	1	1	2	1	2	0	0	0	9	2	2	2	2	2	9	2	0	9	9	0	0	2	2	2	2	1	9	2	2	0	2	2	0	1	2	2	1	2	0	0	2	1	0	0	2	1	2	9	1	2	1	9	0
1280	2	2	9	0	2	9	0	9	0	0	9	1	1	2	2	0	2	2	0	2	0	2	0	9	9	9	9	0	9	9	9	2	9	2	9	0	1	2	9	9	1	2	9	0	9	0	9	1	9	0	9	2	2	2	9	9	9	9	0	2	1	9	9	9	9	9	1	0	0	1	9	0	9	9	1	2	0	9	0	9	2	0
1306	2	2	1	0	2	2	1	0	0	1	1	2	2	1	2	9	9	2	1	2	9	0	0	2	9	2	2	0	1	1	1	1	0	2	0	0	0	2	9	2	2	2	2	0	2	0	2	1	0	0	1	2	1	1	2	0	2	9	0	2	2	0	2	2	2	0	1	1	0	1	2	0	0	2	0	2	0	0	0	1	0	0
1310	2	2	2	9	2	9	0	0	0	0	2	1	0	2	2	9	2	2	0	2	9	9	9	2	9	9	2	0	2	1	2	1	0	2	0	0	2	2	9	9	2	2	2	0	2	0	0	2	0	0	2	9	1	2	2	0	9	2	0	2	9	9	2	9	9	0	2	0	0	9	0	0	0	2	0	2	0	0	0	0	0	0
1323	2	2	2	0	2	2	0	0	0	9	2	2	2	2	2	0	2	2	0	2	9	2	0	2	9	2	2	2	9	1	2	2	0	2	0	1	0	2	9	2	2	2	2	0	9	0	9	9	0	0	2	2	2	2	2	0	9	2	9	2	1	1	0	2	2	0	2	0	0	9	0	0	0	2	0	9	9	9	0	9	0	0
1326	2	2	9	0	2	9	9	9	1	0	9	2	2	2	2	0	2	2	0	2	9	2	9	2	2	9	9	0	1	1	2	2	0	2	9	0	0	2	2	9	2	2	9	0	9	9	0	2	1	0	2	9	2	1	9	9	9	9	9	9	2	0	9	9	9	9	2	9	0	9	0	0	0	9	0	2	0	0	0	1	1	0
1337	2	2	2	0	1	9	9	9	0	9	2	9	0	2	2	0	9	9	0	2	1	9	9	9	9	9	9	0	2	9	1	9	9	9	0	0	2	2	2	9	2	2	9	0	9	0	0	2	0	0	2	2	2	1	9	9	9	9	9	2	2	9	1	9	9	0	2	9	0	9	2	0	9	9	0	2	0	1	1	1	0	0
1341	9	0	9	1	9	2	0	0	9	0	2	2	2	2	2	9	2	2	0	2	1	2	0	2	9	2	2	0	9	1	2	2	9	2	9	0	9	2	2	9	2	2	2	9	2	2	1	2	0	2	2	2	9	0	2	1	2	1	0	2	2	0	0	2	2	0	2	9	0	0	1	1	0	9	9	9	9	1	9	0	0	0
1365	2	2	9	0	9	9	0	9	1	9	2	1	1	2	2	9	2	2	0	2	1	2	9	9	9	9	2	9	0	9	9	1	0	2	9	0	0	2	2	9	2	2	2	1	9	9	9	9	0	0	9	9	9	2	9	9	9	2	0	9	2	0	1	9	2	9	9	0	0	9	1	0	9	2	1	9	0	9	0	1	1	0
1398	2	0	2	9	2	9	0	9	0	0	2	2	2	9	2	2	2	2	0	2	9	2	9	9	2	2	9	9	9	1	9	2	0	9	9	0	1	9	9	1	2	1	2	0	9	2	9	2	0	2	2	2	2	2	2	0	2	2	0	2	9	0	0	2	9	0	2	1	0	1	9	0	9	9	9	2	0	0	0	0	9	0
1400	9	9	9	9	9	9	9	9	9	9	9	9	9	9	9	9	9	9	9	9	9	9	9	9	9	9	9	9	9	1	2	2	9	9	9	9	9	9	9	9	9	9	9	9	9	9	9	9	0	9	9	9	9	9	9	9	9	9	9	9	9	0	9	9	9	9	9	9	9	9	9	9	9	9	0	2	9	9	0	9	0	9
1504	2	2	1	0	2	2	1	0	1	1	2	1	1	2	2	9	2	2	0	1	9	2	1	2	2	2	0	0	0	1	2	1	0	2	0	0	0	2	2	2	2	2	2	0	2	0	9	2	0	0	2	9	2	1	2	0	2	1	0	2	2	0	9	2	2	1	2	1	0	1	0	0	0	2	1	2	9	0	0	0	9	0
1515	2	0	2	0	2	2	0	0	1	0	2	2	2	2	2	0	2	2	0	2	9	2	0	2	9	2	2	9	1	1	2	2	0	2	9	0	2	2	2	9	2	2	2	1	1	2	9	2	9	2	2	2	2	0	2	0	2	2	0	1	2	0	2	2	2	9	1	9	0	9	9	0	0	2	0	2	9	0	9	9	9	0
1592	2	0	2	0	2	2	0	0	9	0	2	2	2	2	2	9	2	2	0	9	1	2	9	9	2	2	0	0	9	1	9	2	0	2	0	9	9	2	9	9	2	2	2	0	2	2	0	2	0	2	2	2	2	1	2	1	9	1	0	2	2	0	9	9	2	0	2	9	0	9	2	9	9	2	0	9	9	0	0	1	9	9
166	2	2	1	0	0	2	0	0	1	0	2	2	2	2	9	1	2	2	0	2	9	2	0	2	2	2	1	0	9	9	2	2	0	2	0	0	0	2	9	1	1	2	1	0	2	0	1	2	9	0	9	2	2	2	2	0	2	9	9	2	2	0	0	2	2	9	1	9	0	9	1	0	9	2	1	2	9	1	1	1	1	9
1667	2	2	0	0	2	2	9	0	0	0	1	2	2	2	2	9	2	2	0	2	0	2	0	2	2	0	1	0	1	1	1	1	0	2	0	0	0	2	9	1	9	2	2	1	2	0	1	2	0	0	2	1	1	2	2	0	2	2	9	1	2	0	0	9	2	0	0	2	0	1	0	0	9	2	0	1	0	2	1	0	0	1
1805	2	2	2	0	2	9	9	0	1	0	2	1	0	2	2	0	2	2	0	1	1	9	0	9	9	9	9	0	9	9	9	2	9	9	0	0	9	2	2	0	2	2	2	9	9	9	9	2	0	0	2	2	9	2	9	9	9	9	0	2	9	9	9	9	2	0	2	0	0	9	1	0	9	9	1	2	9	0	0	0	0	0
1807	2	2	9	0	2	2	1	9	0	0	1	2	2	2	2	0	9	9	0	2	1	2	0	9	2	2	9	0	9	1	2	1	0	2	0	0	1	2	2	0	2	2	2	0	2	0	9	2	0	0	9	2	2	2	1	0	2	9	0	2	2	0	0	1	2	9	2	0	1	2	9	0	0	2	0	9	9	1	0	1	0	0
1871	2	2	2	0	2	9	1	0	0	9	2	9	1	2	9	9	9	9	0	1	9	2	0	2	2	9	9	9	9	9	1	1	0	2	0	0	0	2	2	9	9	2	2	0	9	0	9	1	0	0	2	9	1	2	9	9	9	2	0	2	2	0	0	2	2	0	9	9	0	9	9	0	9	2	0	9	0	0	1	1	9	0
1902	2	2	2	1	2	2	9	0	9	9	2	2	9	9	2	0	9	2	0	2	1	2	9	2	9	2	9	0	9	9	9	1	1	2	9	0	2	2	9	9	2	2	2	0	2	0	9	9	9	0	9	2	9	2	2	0	2	9	0	9	2	0	0	9	2	9	0	0	0	2	9	0	0	9	9	2	0	0	0	9	9	9
1923	2	2	9	0	1	2	1	0	0	0	2	9	1	2	9	2	9	9	1	1	9	2	0	1	2	2	1	0	9	9	2	1	0	2	0	9	1	2	9	0	1	2	2	0	2	0	9	1	0	0	9	2	2	2	9	9	9	2	0	9	2	0	1	2	9	0	2	1	1	1	2	9	9	2	0	2	9	1	0	0	1	0
1935	2	2	9	1	2	2	0	0	0	0	2	1	2	2	2	0	2	2	0	2	1	9	0	2	2	1	0	0	9	1	2	1	9	2	0	9	1	1	9	1	2	2	2	0	2	0	1	2	0	0	9	2	2	2	2	0	2	1	0	2	2	0	0	2	9	1	2	1	0	2	0	9	9	2	0	2	9	9	0	1	1	0
1936	2	2	2	0	2	2	0	9	1	0	2	1	0	2	2	0	2	2	0	9	9	9	0	9	9	2	9	0	9	1	2	2	0	2	9	0	9	2	2	2	2	2	2	0	9	0	9	2	9	0	9	9	2	2	9	0	9	2	0	2	2	0	9	2	2	2	1	9	0	2	9	9	0	9	9	2	9	0	9	9	9	0
1953	2	2	9	0	1	2	9	0	0	0	2	0	0	2	2	9	2	2	0	2	9	9	0	2	2	2	0	0	1	1	2	1	0	2	0	1	0	2	2	0	9	2	2	0	2	0	1	2	9	0	2	2	2	2	2	0	2	2	0	2	2	0	0	9	1	1	2	2	0	1	1	0	0	2	0	2	0	9	0	2	9	1
197	2	2	2	0	1	9	9	9	0	9	1	2	2	2	2	0	2	2	0	2	1	2	9	2	9	9	9	9	2	1	9	2	9	2	9	0	9	2	9	9	2	2	9	0	9	0	0	9	0	0	9	9	2	2	9	9	9	9	0	9	9	9	9	9	9	0	9	9	0	9	0	0	9	9	0	2	9	0	0	2	0	9
1994	9	2	9	0	2	2	9	0	1	0	9	2	2	2	9	0	2	2	0	1	1	2	0	2	2	2	1	0	2	1	2	9	0	2	9	0	1	2	2	1	2	2	2	0	2	9	9	2	0	0	2	9	2	2	1	0	2	2	9	1	2	9	2	9	1	0	9	0	0	0	9	0	0	2	0	2	0	9	0	1	0	0
2013	2	2	2	0	2	9	0	9	0	1	2	2	0	9	2	9	9	9	0	2	0	2	9	9	9	2	2	0	9	9	2	2	0	9	9	0	1	2	2	9	2	2	2	0	2	0	9	9	9	0	2	9	9	2	2	0	9	2	0	9	2	9	9	9	2	9	2	0	9	9	0	9	0	2	0	2	9	9	0	9	1	0
2020	2	2	9	0	9	9	9	9	0	9	2	9	2	9	2	0	2	2	9	2	9	9	9	9	9	9	9	1	2	9	9	1	9	9	0	0	9	2	2	9	2	9	9	1	9	9	9	9	0	0	9	9	9	2	9	9	9	9	0	9	9	9	0	2	9	9	2	9	0	9	9	9	9	9	0	2	0	1	1	9	9	9
2027	2	2	9	9	9	9	0	9	0	9	2	9	2	2	9	0	2	2	0	2	9	2	0	9	9	9	9	0	1	1	1	2	9	2	0	0	1	2	2	9	2	2	9	9	9	0	9	9	0	0	9	9	9	2	9	9	9	9	0	9	2	0	0	9	2	9	2	9	0	9	0	9	9	9	9	2	0	0	0	2	0	0
2043	2	2	9	9	2	9	9	9	0	0	2	9	2	2	2	0	2	2	0	9	9	2	0	9	2	9	9	0	9	9	1	1	9	2	0	0	9	2	9	9	2	2	2	0	9	0	9	9	0	0	9	9	9	2	2	9	2	2	0	9	2	1	0	2	1	9	1	9	9	2	9	9	0	2	0	2	9	9	0	9	9	0
2054	2	2	2	9	2	9	0	0	1	9	2	9	2	2	2	0	9	9	0	2	9	2	0	9	9	9	0	0	2	9	9	2	9	9	9	0	0	2	9	9	2	2	9	0	9	0	1	2	0	0	2	9	9	2	2	9	9	9	0	2	9	0	0	9	2	9	2	9	0	9	2	0	9	2	0	2	9	9	0	0	0	0
2057	2	2	9	0	2	9	1	0	0	0	2	9	2	2	9	9	2	2	0	9	2	9	0	9	9	9	2	0	9	9	1	9	0	2	9	0	9	2	9	9	2	2	9	9	9	0	0	2	9	0	9	2	2	2	2	9	9	9	0	2	2	9	9	2	2	9	2	2	1	9	0	0	9	9	9	2	0	0	0	1	1	0
2070	2	2	9	0	2	2	0	0	0	1	2	1	1	2	9	0	2	2	0	2	0	2	0	2	2	2	9	0	2	1	2	2	0	9	1	0	1	2	2	0	9	2	2	0	1	0	9	2	0	0	9	9	2	2	9	0	2	2	9	9	2	0	9	9	0	0	2	9	0	2	2	0	0	2	2	2	0	0	0	0	9	0
2092	2	2	2	1	2	9	0	0	1	1	2	2	2	2	2	0	2	2	0	2	9	9	0	2	9	2	9	0	9	1	9	2	0	9	9	9	9	2	2	9	9	2	2	0	9	0	9	9	0	0	2	9	2	2	2	0	9	9	9	2	0	0	0	9	2	9	9	0	0	9	0	0	9	9	1	9	9	0	0	1	9	0
212	2	2	2	0	2	2	0	0	1	0	2	2	2	2	2	0	2	2	0	1	9	2	0	9	9	2	1	0	2	1	2	2	0	2	9	0	1	2	2	9	2	2	2	0	9	0	9	2	0	0	2	9	0	2	9	0	2	2	9	2	2	0	2	9	1	1	2	9	0	9	1	0	0	9	0	2	9	0	0	1	1	9
2123	2	2	9	0	9	9	9	9	9	0	9	9	2	2	2	9	2	2	0	2	9	9	9	2	9	9	9	0	2	9	9	1	0	9	9	0	1	2	2	9	2	2	9	0	2	0	9	2	9	0	2	9	2	2	9	9	9	2	0	9	2	9	9	9	9	9	2	9	9	9	9	9	9	9	0	9	0	0	0	1	9	9
2168	2	0	2	0	2	2	0	0	0	9	2	2	2	2	9	2	2	2	0	2	1	2	0	1	2	2	1	0	9	1	9	2	0	2	0	0	2	2	9	0	2	2	2	0	2	2	1	1	0	2	2	2	2	2	2	0	2	2	0	2	0	9	0	9	2	0	2	2	0	2	9	0	0	2	0	9	0	0	0	1	0	9
2179	2	2	9	9	2	2	9	9	0	0	1	1	1	2	9	0	2	2	0	1	1	2	0	9	2	2	2	0	1	1	1	1	9	2	0	0	0	2	9	9	2	2	2	0	2	0	9	2	0	0	1	9	1	2	2	0	9	0	0	2	2	9	0	2	9	9	1	9	0	1	9	9	9	2	9	9	9	1	0	1	0	0
218	2	0	9	0	2	9	9	9	1	9	2	2	2	2	2	9	2	2	0	2	9	2	0	9	9	2	0	0	0	1	2	2	0	9	0	0	1	2	2	2	2	2	2	0	9	2	0	2	0	2	2	9	2	2	2	9	9	9	0	2	2	0	0	9	2	9	1	0	0	2	0	0	9	2	1	0	9	0	1	1	1	9
2180	2	2	9	0	2	2	0	9	0	0	2	2	2	2	2	0	2	2	0	2	0	2	9	2	9	1	1	0	9	1	2	1	0	2	9	0	2	2	9	0	2	2	2	0	2	0	1	1	0	0	2	2	2	2	9	0	2	9	9	2	2	0	9	2	2	0	2	0	0	1	9	1	9	2	1	2	9	1	0	0	9	0
219	2	0	9	0	2	2	9	9	0	1	1	2	2	2	2	0	2	2	0	2	9	2	0	2	2	2	1	0	9	1	2	2	0	2	0	0	0	2	2	0	2	2	2	0	2	2	9	2	0	2	2	2	2	2	2	0	2	1	0	2	2	0	9	2	2	0	2	2	9	2	1	0	0	2	0	2	9	0	0	1	1	0
222	2	2	9	0	2	2	1	0	0	0	2	2	2	2	2	9	2	2	0	2	1	9	1	2	2	2	9	9	9	1	1	1	0	2	0	0	9	2	2	0	2	2	9	0	2	0	1	1	0	0	2	2	2	2	1	0	2	2	0	2	2	1	0	9	2	0	2	2	0	9	9	0	0	2	1	2	0	0	0	2	9	9
2221	2	2	9	0	2	1	0	0	1	9	2	2	2	2	2	9	2	2	0	2	1	2	0	9	2	2	2	0	9	1	1	2	0	2	0	0	0	2	2	9	2	2	2	1	2	0	9	9	0	0	2	2	2	2	1	1	9	2	0	2	2	0	0	2	2	0	2	0	1	2	9	0	0	0	9	9	0	1	0	2	0	9
2227	2	2	2	0	9	9	9	9	0	9	2	2	9	2	2	0	2	2	0	9	9	2	9	9	9	9	9	9	2	9	9	2	0	9	9	0	2	2	2	9	2	2	9	0	9	0	0	2	0	0	2	9	9	2	9	9	9	2	0	9	2	9	0	9	9	9	1	0	0	9	9	9	9	9	1	2	9	0	0	2	9	0
2248	2	0	9	0	9	2	0	9	0	0	2	9	2	2	2	9	2	2	0	9	9	9	9	9	9	9	9	0	9	9	1	2	9	2	9	0	9	2	2	0	2	2	9	9	9	9	9	9	0	2	9	9	9	2	9	9	9	9	0	9	9	9	9	9	2	9	2	9	0	9	0	0	9	9	0	2	9	9	0	0	9	9
2250	2	2	2	0	2	9	9	9	0	9	2	9	9	2	2	0	2	2	0	2	9	2	9	9	9	9	1	9	9	9	2	1	9	9	0	0	0	2	9	9	2	2	9	0	9	0	9	2	0	0	2	2	9	2	9	9	9	9	1	2	2	1	0	9	2	9	2	9	0	9	1	0	9	9	0	2	9	9	0	0	9	0
2251	2	2	2	0	2	2	0	0	1	0	2	2	2	2	2	9	1	1	0	2	0	2	0	2	9	2	0	0	2	1	1	2	0	2	0	0	2	2	9	1	2	2	9	0	2	0	9	1	0	0	2	2	2	2	2	0	2	9	0	2	2	0	9	2	2	0	2	9	1	9	0	1	0	2	0	2	0	0	0	0	2	0
2274	1	2	0	0	2	2	9	0	1	0	2	2	2	2	2	9	2	2	0	2	9	2	0	2	2	2	1	0	9	1	2	2	0	2	0	9	0	2	9	1	2	2	9	0	2	0	1	2	0	0	2	2	2	2	9	0	2	2	0	2	2	1	1	2	2	0	2	0	1	1	1	0	9	2	2	2	0	1	0	0	0	0
2276	2	2	1	0	2	2	0	0	0	0	2	1	0	2	2	9	2	2	0	2	9	2	0	2	2	1	2	0	9	9	2	1	0	2	0	0	0	2	1	2	9	2	2	0	1	0	1	2	0	0	2	1	1	2	2	9	2	9	0	1	2	0	0	9	9	9	1	0	0	9	1	0	0	2	0	2	0	0	0	2	9	0
2304	2	2	9	0	9	9	0	0	1	1	2	2	2	9	2	0	1	1	0	2	9	2	0	9	9	2	0	0	9	9	2	1	0	2	9	0	9	2	2	9	2	2	1	9	9	0	9	2	9	0	2	9	2	2	9	9	2	9	0	2	2	0	0	2	9	9	1	0	1	9	9	9	9	2	0	2	9	0	0	9	9	9
2325	2	2	9	0	2	9	0	9	1	1	2	0	0	2	2	9	2	2	0	2	1	9	0	9	9	9	2	0	2	1	9	2	0	2	9	0	9	2	2	9	2	2	2	9	9	0	0	2	1	0	2	9	2	2	9	9	9	9	0	2	2	0	9	9	2	0	2	0	0	1	1	0	9	9	0	2	0	0	0	1	1	0
2350	2	2	2	0	2	2	0	0	1	0	2	2	2	2	2	0	2	2	0	9	1	9	9	2	2	9	0	0	1	1	2	2	0	2	0	0	0	2	9	2	2	2	2	0	2	0	1	9	0	1	9	2	2	2	9	0	2	1	0	1	2	0	2	2	2	9	2	1	0	0	1	0	9	9	1	2	9	0	0	1	9	0
2352	2	2	2	0	2	2	9	0	0	9	2	2	2	2	2	9	2	2	0	9	1	2	9	9	2	2	9	9	9	1	9	1	9	2	0	0	1	2	2	9	2	2	9	0	2	0	1	9	0	0	2	9	2	2	9	0	2	2	0	2	2	0	0	1	2	0	2	9	0	9	9	9	0	2	0	2	0	0	9	1	9	0
2378	2	2	2	0	9	9	9	9	1	9	2	2	2	2	2	9	9	9	0	2	9	9	0	2	9	9	9	9	2	1	9	9	0	2	0	0	9	2	9	9	2	2	2	0	9	0	9	2	0	9	9	9	2	2	2	9	9	2	0	2	9	9	9	9	9	1	2	9	9	9	9	0	9	9	9	2	0	0	0	0	9	0
2379	2	2	9	0	9	9	9	9	0	0	2	2	2	2	2	9	2	2	0	2	1	2	9	9	9	9	2	0	2	1	2	2	9	2	0	0	0	2	9	9	2	2	9	0	9	9	9	2	0	0	2	9	2	1	2	9	9	9	9	9	2	9	0	9	9	9	2	0	0	2	9	0	9	9	0	2	9	0	0	0	9	0
2381	2	0	2	0	2	9	9	9	0	9	2	2	2	2	2	9	9	9	0	2	9	2	9	9	9	2	2	0	9	9	2	2	0	2	0	0	9	2	2	0	2	2	9	0	2	2	0	2	0	2	2	9	9	2	2	9	9	9	9	2	9	1	0	9	2	1	2	9	0	9	1	0	9	9	0	2	0	0	0	1	0	0
2382	0	2	2	0	2	9	0	9	0	9	2	1	1	2	2	0	2	2	0	9	0	2	9	2	9	2	0	0	1	1	1	1	0	2	0	0	1	2	9	9	2	2	2	0	9	9	0	2	0	9	2	9	2	2	9	9	9	2	0	1	2	0	9	2	2	9	2	1	1	9	2	9	9	9	0	2	0	0	0	0	1	9
2406	2	2	9	0	2	9	9	9	0	0	2	1	1	2	2	9	2	2	0	1	0	9	9	9	9	9	1	0	2	9	9	1	0	9	0	0	1	2	9	9	2	2	9	0	2	9	0	2	0	0	1	9	2	2	9	9	2	9	9	9	9	9	1	9	2	9	2	9	0	9	0	0	9	9	9	2	0	0	0	9	0	0
242	2	2	0	0	9	2	0	0	0	9	2	2	2	2	2	9	2	2	0	2	0	2	0	2	2	2	1	0	9	9	9	9	0	2	0	9	1	2	2	1	2	2	9	0	1	0	9	2	0	0	2	2	2	1	2	0	2	2	0	2	2	0	2	1	2	0	2	0	0	1	2	1	0	2	0	2	0	1	0	2	1	0
245	1	2	9	0	2	2	9	0	1	9	2	1	1	1	2	0	2	2	0	2	1	2	0	2	2	2	1	0	1	1	1	2	0	2	0	0	1	2	2	1	2	2	2	1	2	0	9	1	0	0	2	2	2	2	2	0	9	2	0	2	2	0	0	2	2	0	2	1	0	1	0	0	0	2	0	2	0	1	0	0	9	9
2653	2	2	9	0	2	2	0	9	0	9	2	1	1	2	2	9	2	2	0	2	1	2	9	9	9	2	1	0	1	1	2	1	0	2	0	0	0	2	9	9	2	2	2	0	9	9	9	2	0	1	2	9	9	1	9	9	9	9	0	9	2	9	2	9	2	0	1	0	0	9	9	0	9	9	0	1	0	9	0	9	2	0
2654	2	2	9	0	2	2	9	0	9	9	1	2	2	2	2	0	2	2	0	9	9	9	9	9	9	9	2	0	2	9	9	1	0	2	0	0	9	2	2	9	2	2	2	0	2	0	1	9	0	0	9	9	9	2	2	9	9	2	9	2	2	0	0	9	1	1	1	0	0	2	0	0	0	2	0	2	0	9	0	9	9	0
2670	2	2	9	0	2	9	9	9	0	9	2	2	2	2	2	0	9	9	0	2	9	2	9	9	9	9	1	0	2	9	2	2	0	9	0	0	0	2	9	9	2	2	2	0	9	9	9	2	0	0	9	9	2	2	2	9	9	9	0	2	2	9	9	9	9	9	2	0	0	9	0	0	9	9	0	2	9	0	0	1	0	0
2678	2	2	9	0	9	2	0	9	0	9	2	2	2	2	9	9	2	2	0	2	1	2	0	9	2	2	9	0	2	9	1	1	0	2	0	0	1	2	2	2	2	2	9	0	2	0	9	2	9	0	9	2	2	2	2	9	9	2	9	9	2	0	0	9	2	0	2	9	0	9	9	0	9	9	0	2	9	0	9	9	9	0
2700	2	2	2	0	9	9	1	0	1	0	1	2	2	9	2	0	9	9	0	2	9	2	9	9	9	9	9	0	2	9	1	2	9	9	0	0	9	2	2	1	2	2	9	0	9	0	0	2	9	0	2	9	9	2	9	9	9	9	0	9	2	9	0	2	2	0	2	0	0	9	0	9	9	9	0	2	0	0	0	1	0	0
2712	2	0	2	0	9	9	9	9	0	0	2	2	2	2	2	0	2	2	1	2	1	2	9	9	9	9	1	0	9	9	2	1	0	9	0	0	9	2	9	9	2	2	9	9	9	9	0	9	0	2	2	9	9	1	9	9	9	9	0	9	2	9	2	9	2	0	9	0	0	9	2	0	9	9	1	2	0	0	0	9	1	0
2728	9	2	2	0	2	9	9	0	0	0	2	2	2	2	2	9	2	2	0	2	0	2	9	9	9	9	1	0	9	9	2	2	0	2	9	0	0	2	2	9	2	2	2	0	2	0	9	2	1	0	9	1	0	2	9	0	9	2	9	9	2	1	1	2	2	1	2	0	0	2	2	0	9	1	1	2	0	1	0	1	0	0
2733	2	2	9	0	2	9	9	0	0	0	2	9	0	2	2	0	2	2	1	2	1	2	0	2	2	1	1	0	2	0	2	1	0	2	0	0	1	2	9	1	2	2	9	0	2	0	9	9	0	0	9	2	2	2	2	9	2	9	0	2	2	0	9	2	2	9	1	9	0	9	9	9	9	2	0	9	0	0	0	2	1	0
2749	2	0	9	0	2	2	9	0	0	0	2	1	1	2	2	9	2	2	0	2	1	2	0	9	9	2	1	0	9	9	1	1	0	2	0	1	0	2	9	1	2	2	9	0	2	2	1	1	0	2	9	2	2	2	9	9	2	9	9	9	2	0	1	2	2	0	2	9	0	1	0	0	9	9	0	2	0	0	0	1	9	9
2750	2	2	9	0	2	9	9	9	1	9	2	9	2	2	2	0	2	2	0	2	0	2	9	2	9	9	0	9	1	1	2	1	0	2	9	0	2	2	2	9	2	2	2	1	9	9	0	2	0	0	9	9	9	2	9	9	9	9	9	2	9	0	0	9	2	9	2	9	1	9	9	9	9	9	0	9	0	1	1	0	0	0
2776	2	0	2	0	9	2	0	0	0	0	2	2	2	2	2	0	2	2	0	2	1	2	0	2	2	2	2	0	0	1	2	1	0	9	0	0	0	2	2	9	2	1	2	0	2	2	1	2	2	2	2	1	2	2	2	0	2	0	0	2	2	0	0	2	1	0	2	2	0	1	2	0	0	1	1	2	0	0	0	0	9	9
2777	1	2	2	0	2	1	9	9	0	0	2	9	1	2	2	0	1	2	0	2	9	2	9	9	9	2	9	9	9	0	1	2	0	9	1	0	9	2	9	1	2	2	2	1	2	0	9	9	0	0	1	9	2	2	2	0	9	9	0	2	2	0	0	9	2	1	2	9	0	2	2	9	9	9	0	2	0	1	0	0	9	0
2783	2	2	2	0	2	2	0	0	0	1	2	1	1	2	2	9	1	2	0	2	9	2	0	9	2	1	2	0	2	1	2	1	0	2	0	0	1	2	2	0	9	2	2	0	2	0	9	9	0	0	2	2	2	2	2	0	2	2	0	2	2	0	9	2	2	0	1	0	0	1	2	9	0	2	0	2	0	0	0	1	9	0
2809	2	2	9	1	2	9	1	9	1	9	2	2	2	9	9	0	2	2	0	2	9	2	9	9	9	9	9	0	2	1	2	2	0	9	9	0	9	2	9	2	2	2	2	0	9	9	9	2	0	0	9	9	9	2	9	9	9	9	0	9	9	9	9	2	9	9	2	9	9	9	0	0	9	9	0	2	9	1	0	0	0	0
2819	2	2	9	0	2	2	0	0	1	0	9	2	1	2	2	0	2	2	0	1	1	2	0	9	2	2	0	0	2	0	1	2	0	1	0	0	1	2	9	2	2	2	2	0	2	0	1	9	0	0	9	2	2	2	2	0	2	1	0	2	2	9	2	9	2	0	2	9	0	1	0	1	0	9	0	2	0	1	0	0	9	0
2830	2	2	0	0	9	9	9	9	1	9	2	2	2	9	2	9	9	9	9	9	0	9	9	2	9	9	9	9	2	9	2	2	0	9	9	0	9	2	2	9	2	9	9	0	9	9	0	9	0	0	2	9	9	2	9	0	9	2	0	2	2	9	9	9	9	0	2	9	0	9	9	9	9	9	0	9	9	9	0	9	0	0
2834	2	2	1	0	2	9	0	0	0	0	1	2	2	2	2	0	2	2	0	2	1	2	0	9	2	9	1	0	9	1	2	1	0	2	0	0	1	2	9	1	2	2	9	0	9	0	0	2	0	0	2	9	2	1	9	9	9	9	0	2	2	0	0	2	1	0	2	0	1	9	1	9	9	9	0	9	0	0	0	1	1	0
2842	2	2	2	9	9	9	9	9	1	9	2	9	9	2	2	9	9	9	0	2	9	9	9	9	9	9	9	0	2	9	9	9	0	9	0	0	9	2	2	9	2	2	2	9	9	9	9	9	9	9	2	9	2	2	9	9	9	9	0	9	2	9	9	9	9	9	2	9	9	9	9	0	9	9	1	2	9	0	0	2	0	0
2844	2	2	9	0	2	9	9	0	0	1	2	2	2	9	2	9	2	2	0	0	1	9	0	2	2	2	2	0	9	1	1	2	9	2	0	0	1	2	2	2	2	2	9	0	2	0	1	9	0	0	2	2	2	2	2	0	2	9	0	2	2	0	0	2	1	1	1	0	0	9	2	9	1	9	0	9	0	0	0	9	1	9
2876	2	0	2	0	2	2	0	0	0	0	2	2	2	2	2	0	2	2	0	1	1	9	0	9	2	2	0	0	9	1	2	2	0	2	0	0	2	2	9	0	2	2	2	1	2	2	9	1	0	2	2	2	2	2	2	0	1	9	0	1	2	0	0	2	1	0	1	1	0	9	0	0	0	9	1	2	0	0	1	1	9	0
288	2	2	2	9	2	9	9	9	0	0	9	2	2	2	2	9	2	2	0	2	0	9	9	9	9	9	0	0	2	9	1	1	0	9	0	0	0	2	9	9	1	2	9	0	9	0	0	2	0	0	2	9	1	2	9	9	9	9	0	9	2	0	0	9	9	9	2	9	1	9	2	0	9	9	0	0	0	1	0	1	1	0
2883	2	2	0	0	2	9	9	0	0	9	9	9	2	2	9	9	2	2	1	9	1	2	9	9	2	9	9	0	9	9	9	2	9	2	9	0	2	2	9	9	2	2	9	0	2	9	9	9	0	0	9	2	9	2	9	9	9	9	0	9	2	9	9	9	2	9	2	9	0	9	1	9	9	9	0	9	9	1	0	1	2	0
2893	2	2	9	0	2	2	0	9	0	9	2	2	9	2	2	9	2	2	0	2	1	2	0	9	9	9	1	0	9	1	9	1	9	2	0	0	0	2	2	9	9	2	9	0	1	0	9	1	0	0	2	2	2	2	2	9	9	9	0	9	9	9	2	2	2	0	1	0	9	1	0	0	9	9	0	9	9	0	1	9	9	0
2900	2	2	0	0	2	2	9	0	1	1	2	2	2	9	2	9	2	2	0	2	9	9	0	9	9	2	9	0	9	1	2	1	0	2	0	0	1	2	9	9	2	2	1	9	9	0	0	2	9	0	2	2	2	2	1	0	9	2	1	9	2	1	1	9	2	2	1	1	0	9	9	0	9	2	0	2	0	0	0	0	1	0
2914	2	2	9	0	9	2	9	9	0	0	9	2	2	2	9	0	2	2	1	2	9	9	0	9	2	2	1	1	2	9	9	1	0	2	9	0	9	1	9	0	2	2	2	9	2	0	1	9	9	0	9	1	2	1	9	9	9	9	0	2	2	0	9	1	2	9	2	0	0	9	0	0	9	9	0	2	9	0	0	9	9	9
2917	2	0	0	0	2	2	1	0	0	0	2	2	2	2	9	0	2	2	0	9	0	2	0	2	2	9	1	0	2	1	2	1	9	2	0	0	1	2	2	9	2	2	2	0	9	2	1	2	0	2	2	2	2	2	2	0	2	2	1	0	2	0	9	9	1	9	2	9	0	2	1	0	1	2	1	2	0	1	0	2	9	9
2920	1	2	9	0	2	9	9	9	1	0	2	2	2	2	2	0	2	2	0	2	9	2	0	9	2	2	9	0	2	9	2	2	0	2	0	0	9	2	2	9	2	2	2	0	2	0	9	2	1	0	2	9	2	2	2	0	9	9	0	2	9	9	1	9	9	0	2	0	0	9	1	0	9	9	0	2	0	0	0	0	0	0
2922	2	0	9	0	9	9	9	9	0	9	2	9	2	2	2	9	2	2	0	2	1	9	9	9	9	9	9	0	1	9	1	2	9	2	9	0	9	2	2	9	2	2	9	0	9	9	9	2	0	2	2	9	2	2	9	9	9	9	0	2	9	9	0	9	2	9	2	0	9	0	9	0	9	9	0	2	0	9	0	1	2	0
2928	2	2	9	1	0	9	0	9	1	1	2	1	1	2	2	0	2	2	1	2	0	2	9	9	9	2	9	0	2	1	1	2	0	2	9	0	9	2	9	1	2	2	9	0	9	0	9	2	0	0	2	9	2	2	9	0	9	9	9	2	2	0	2	9	2	1	2	9	1	9	0	0	9	2	0	2	9	1	1	0	1	0
2935	2	0	9	1	9	9	0	9	0	9	1	9	2	2	9	9	2	2	1	2	9	2	9	9	9	9	9	9	9	1	9	2	0	2	9	0	0	2	9	9	2	2	2	0	2	2	9	2	0	2	9	2	2	1	9	9	9	9	9	9	9	9	2	9	2	0	0	9	0	9	9	0	9	9	9	2	0	0	0	1	0	0
2951	0	2	9	1	9	9	0	9	0	0	2	1	1	2	9	9	9	9	1	1	9	9	0	2	9	2	0	0	2	1	9	1	0	2	0	0	2	2	9	9	1	2	2	1	2	0	0	2	9	0	1	2	2	2	9	9	9	2	0	2	2	0	2	9	9	9	1	0	0	9	9	9	9	2	9	2	0	0	0	2	9	0
2954	2	2	1	0	0	9	0	9	1	0	2	0	2	9	2	0	9	9	0	2	1	2	0	9	9	9	9	0	2	1	1	2	9	9	9	0	0	2	9	9	9	2	2	0	9	0	9	2	9	0	1	2	2	2	9	9	9	2	0	9	2	9	2	9	2	9	2	0	0	9	9	9	9	9	0	2	9	0	0	9	1	0
2980	2	2	9	0	2	9	9	9	0	1	2	1	1	2	2	0	2	2	0	2	0	9	9	9	9	9	1	9	2	9	1	2	0	2	0	0	2	2	2	2	2	2	2	0	9	9	9	2	2	0	2	2	9	2	9	9	9	9	9	2	2	9	2	9	2	0	2	9	0	9	0	1	0	9	0	2	9	0	0	0	0	0
300	2	2	2	0	9	9	9	9	0	9	9	1	1	9	2	9	2	2	0	9	1	2	9	9	9	2	9	9	9	9	2	2	9	9	0	0	9	2	2	9	2	2	2	9	9	0	0	2	0	0	9	9	9	2	9	9	9	2	0	9	2	9	2	9	2	1	1	9	9	9	0	9	9	9	0	9	0	0	1	9	1	9
3009	9	0	2	0	1	2	9	0	0	0	2	2	2	2	2	0	2	2	0	2	9	2	0	9	2	2	2	0	0	1	1	2	0	9	0	0	0	2	9	9	2	9	2	0	2	2	9	1	0	2	9	2	2	2	2	0	9	9	0	2	1	9	0	2	1	0	1	9	0	9	2	0	0	1	1	2	0	0	0	1	9	0
3112	2	2	2	0	2	9	9	0	1	9	9	9	9	2	9	0	2	2	0	2	9	2	9	9	9	9	9	0	9	9	9	2	9	9	0	0	9	9	9	9	2	9	9	0	9	0	9	2	9	0	9	2	2	2	9	9	9	9	0	9	9	9	0	9	2	9	1	0	1	9	9	9	9	9	1	9	9	9	0	0	0	9
3178	9	2	9	0	2	2	9	0	0	0	2	0	1	2	2	0	2	2	0	2	9	9	0	9	9	2	2	0	9	1	1	1	0	2	0	0	0	2	2	1	2	2	2	0	9	0	1	2	0	0	9	2	9	2	2	9	2	9	0	2	2	1	9	2	2	0	2	9	9	2	0	9	0	9	0	2	0	9	0	9	9	0
3179	2	0	2	0	1	9	0	9	0	0	2	2	2	2	2	0	2	2	0	2	9	9	0	2	9	2	1	0	1	9	1	2	0	2	0	0	2	2	9	0	9	0	9	0	2	2	0	2	0	2	2	2	2	2	2	0	9	2	1	9	1	1	0	9	9	9	2	9	0	9	2	0	9	9	2	2	0	1	0	0	2	0
3201	2	0	9	9	9	9	9	9	0	0	2	2	2	1	2	9	2	2	0	2	9	2	9	9	9	9	9	0	9	9	1	2	0	9	0	0	9	2	2	0	2	2	9	0	9	9	9	9	0	2	9	9	9	2	9	9	9	9	0	9	9	9	0	9	9	0	2	9	0	9	9	0	9	9	0	2	0	9	0	0	0	9
3204	2	2	2	0	1	9	1	1	0	9	1	9	2	2	2	2	9	9	0	2	9	2	0	2	2	2	2	0	2	1	1	1	9	2	0	0	9	2	9	9	2	2	2	0	2	0	1	2	9	0	1	2	2	2	2	0	2	2	0	9	1	0	0	2	2	1	1	9	9	1	2	0	9	1	1	2	9	0	1	2	9	0
3265	2	0	9	0	9	9	1	9	0	1	2	9	2	2	2	9	2	2	0	2	1	2	9	9	9	9	1	0	9	9	1	2	0	2	9	0	0	2	2	9	1	2	9	0	9	2	9	9	0	2	2	9	2	2	9	9	2	9	0	2	9	0	1	9	9	1	2	0	0	9	9	0	9	9	0	2	0	0	0	0	9	0
3284	2	2	9	0	2	9	9	9	0	9	2	9	0	9	2	0	9	9	0	9	0	2	9	9	9	9	9	0	2	9	1	1	0	2	0	0	9	2	2	9	2	2	9	9	9	0	0	2	1	0	9	9	2	2	9	9	9	9	9	2	9	9	0	9	9	9	2	0	0	9	9	0	9	9	0	2	9	0	0	0	9	0
3290	2	2	2	0	2	2	9	0	0	0	2	9	0	2	2	9	9	9	1	2	0	2	0	2	2	1	0	0	2	1	2	2	0	2	9	0	0	2	2	0	2	2	2	0	2	0	9	9	0	0	2	2	2	2	9	0	2	9	0	2	2	0	1	9	2	1	2	9	1	0	2	0	9	2	1	2	9	0	0	9	9	0
3291	2	2	2	0	1	2	0	0	0	0	2	1	1	2	2	0	2	2	9	1	1	2	1	2	2	9	2	0	1	1	2	2	1	9	0	0	0	2	2	1	2	2	9	0	2	0	1	9	0	0	2	2	2	2	2	0	2	9	0	2	2	9	0	9	2	0	2	1	0	1	1	0	0	9	0	2	0	1	0	1	1	0
331	2	2	2	0	2	2	0	9	0	0	2	1	1	2	2	0	1	1	0	2	1	2	0	9	9	2	9	0	9	9	1	2	0	2	0	9	9	2	2	9	2	2	2	0	9	0	9	2	0	0	2	2	2	2	9	0	2	9	0	2	2	0	2	9	9	2	2	0	0	0	2	9	9	9	0	2	9	0	0	2	9	0
3340	2	2	2	0	9	9	9	9	0	9	2	2	2	2	2	9	9	9	0	2	0	2	9	2	9	9	9	0	9	9	1	1	0	9	0	0	0	2	9	9	2	2	2	0	9	9	0	9	9	0	9	9	2	2	2	9	9	9	0	2	2	9	1	9	9	0	1	9	9	9	1	1	9	9	1	2	9	1	0	0	2	0
3381	2	2	2	0	2	1	0	0	0	9	2	9	1	2	2	9	2	2	0	2	1	2	0	2	2	2	2	0	2	1	2	1	1	2	0	9	9	2	1	2	2	2	2	1	2	0	9	1	0	0	2	1	2	1	9	0	0	2	1	1	2	0	0	1	1	1	2	9	0	2	2	0	0	2	0	2	0	2	0	1	0	1
3392	1	2	2	1	2	2	1	0	0	0	1	9	0	2	2	0	2	2	0	2	1	2	0	9	2	2	2	0	2	1	9	1	0	2	0	0	9	2	9	1	2	2	1	0	9	0	9	1	0	0	2	2	2	2	2	0	1	2	9	2	2	0	9	2	2	0	2	9	0	2	9	0	0	2	0	2	0	1	0	0	1	0
3397	2	2	0	1	2	2	0	0	0	9	2	1	0	2	2	9	2	2	0	2	1	2	2	1	2	1	2	0	9	1	2	1	0	2	1	0	0	2	9	2	2	2	9	0	2	0	1	2	0	0	2	1	1	2	2	0	1	2	0	2	2	0	2	2	1	1	2	0	0	0	2	0	0	2	2	2	2	0	0	2	9	2
3407	9	2	9	0	2	9	9	9	0	9	2	2	2	2	9	9	2	2	0	9	0	2	9	9	9	9	9	0	2	1	9	1	9	9	9	0	9	2	9	9	2	2	9	9	9	9	0	9	0	0	9	9	9	2	9	9	9	9	0	2	2	9	9	9	9	9	1	0	9	9	9	9	9	9	1	2	0	0	0	9	2	0
3418	2	2	1	0	2	2	0	0	0	1	2	1	2	2	9	9	2	2	0	2	9	2	9	2	9	9	1	0	9	1	2	1	0	2	0	9	0	2	2	1	2	2	2	0	2	0	9	9	0	0	9	2	1	2	9	9	2	9	0	1	2	9	0	2	2	0	2	0	0	2	9	0	9	9	0	9	0	0	0	0	0	0
3423	2	2	2	0	2	9	9	9	0	9	2	9	1	2	2	0	2	2	0	2	0	9	0	9	9	9	9	0	2	9	1	2	0	2	0	0	1	2	9	0	2	2	2	1	9	0	0	2	0	0	2	2	2	2	9	9	9	9	0	9	2	0	2	9	2	9	1	0	1	9	1	9	9	9	0	2	0	0	0	0	1	0
3431	9	0	2	9	2	2	0	9	0	9	2	2	2	2	2	9	2	2	0	0	9	2	9	9	9	9	9	0	9	9	9	2	0	2	0	0	9	2	2	0	2	2	9	0	9	2	9	2	0	2	9	9	9	2	9	9	9	9	0	9	9	0	0	2	2	9	9	0	0	1	2	9	9	9	0	2	9	1	0	1	9	0
3440	2	0	2	0	2	2	0	0	0	0	2	1	1	2	2	0	2	2	0	2	1	2	0	2	2	2	1	0	2	0	2	2	9	2	9	0	2	2	2	1	9	1	9	0	2	2	9	2	0	2	2	2	2	2	2	0	1	2	1	2	1	9	0	2	2	0	2	9	9	1	0	0	0	9	0	2	0	0	9	0	0	0
3462	2	0	9	9	2	9	9	9	0	0	9	2	2	2	2	9	2	2	9	2	0	9	9	9	9	9	0	0	9	9	9	1	0	9	9	0	1	2	9	9	2	2	2	0	9	9	0	9	0	2	9	9	2	1	9	0	9	9	0	2	2	9	1	9	2	0	1	2	0	9	9	9	9	9	0	2	0	0	1	1	0	0
3463	9	2	9	0	1	2	9	9	9	1	2	2	2	2	2	9	2	2	0	2	1	2	0	2	9	2	0	0	2	1	2	9	0	2	0	0	9	2	2	9	2	9	2	0	9	0	9	2	0	0	9	2	2	2	2	0	2	9	9	2	2	9	2	9	2	0	2	9	0	9	1	0	9	2	0	2	9	0	9	1	9	0
350	1	2	2	0	2	9	9	9	0	1	2	2	2	2	2	9	2	2	0	2	9	2	9	9	2	9	2	0	9	9	2	1	0	2	0	0	0	2	9	0	2	2	2	1	2	0	0	2	0	0	2	9	2	1	2	9	9	1	0	2	2	0	9	9	2	9	2	0	1	1	1	9	9	9	0	2	1	0	1	1	0	0
3531	2	2	2	0	1	9	9	9	1	0	1	2	1	2	2	0	2	2	0	2	1	2	9	9	9	9	1	9	1	1	9	2	9	2	0	0	9	2	2	9	2	2	9	0	9	0	9	2	0	0	2	9	2	2	9	9	9	9	0	2	9	9	1	9	2	9	2	0	0	1	0	0	9	9	0	2	9	0	0	2	0	0
3553	2	2	2	0	2	9	0	9	0	0	2	2	2	9	2	1	2	2	0	2	1	2	9	2	2	2	2	0	2	1	2	2	0	2	0	9	1	2	2	0	2	2	2	0	1	0	1	2	0	0	2	2	2	2	9	0	1	1	0	1	2	0	0	2	2	2	1	0	1	2	0	0	0	2	0	2	0	9	0	9	1	9
3558	9	0	9	0	9	9	9	0	0	0	2	2	9	2	2	0	2	2	0	9	9	9	9	9	9	9	9	9	9	9	2	1	0	2	9	0	0	2	9	0	9	1	2	0	9	2	9	2	9	2	9	9	2	2	9	0	9	9	0	9	2	9	1	9	0	0	2	9	0	2	1	0	9	2	1	2	0	0	0	9	9	9
3576	2	2	9	0	2	2	9	0	0	0	9	2	2	2	2	0	2	2	0	2	1	2	2	9	2	2	1	0	9	1	2	9	0	1	0	0	2	2	9	2	2	2	9	0	2	0	9	1	0	0	2	9	2	2	2	0	2	2	0	2	2	1	1	2	2	0	2	2	1	9	0	0	0	2	0	2	0	1	0	1	0	0
3586	2	2	9	0	2	9	0	9	9	9	9	9	9	9	2	9	2	2	0	9	9	2	9	9	9	2	9	9	9	1	9	1	9	2	0	0	9	9	2	9	9	2	9	0	9	0	9	9	9	0	2	1	2	2	2	9	9	9	0	2	2	0	0	9	2	9	9	0	0	9	9	0	1	9	9	2	9	9	1	1	9	0
360	2	2	2	0	2	2	1	0	0	0	2	2	2	2	2	0	9	9	0	1	1	2	0	2	2	9	1	0	9	0	9	1	0	2	0	0	0	2	2	1	2	2	2	0	2	0	9	2	0	0	2	2	2	2	2	0	2	2	0	2	2	1	0	1	2	0	1	0	0	9	0	0	1	2	1	2	0	0	0	2	9	0
37	2	0	9	0	2	9	9	9	0	9	2	9	9	9	9	1	9	9	0	2	9	9	9	9	9	9	9	0	9	9	9	9	0	2	9	0	9	2	9	9	2	9	9	0	9	9	9	9	0	0	2	9	9	2	9	9	9	9	9	2	1	0	0	9	9	9	2	9	9	9	9	0	9	2	9	2	9	0	0	1	2	9
3701	2	0	9	0	2	2	0	9	0	0	2	2	2	2	2	9	2	2	0	2	1	2	0	9	2	2	0	0	9	1	1	2	9	2	0	0	0	2	9	1	2	2	2	0	2	2	9	2	0	2	9	2	2	2	2	9	2	9	0	2	9	1	0	2	2	0	1	2	9	2	1	1	9	9	1	2	0	0	1	2	1	0
3722	2	0	9	0	1	2	0	0	0	0	2	2	2	2	2	2	9	2	0	2	1	2	0	1	2	2	2	0	1	1	1	9	0	2	0	1	2	2	2	0	2	2	2	0	2	2	9	1	0	2	9	2	2	2	2	0	2	1	0	2	2	9	0	2	2	1	2	1	0	2	2	0	0	2	1	2	0	9	0	1	0	1
3725	2	2	1	0	2	2	9	9	0	0	2	2	2	2	2	9	9	9	0	2	9	2	0	2	2	2	0	0	9	9	1	2	0	2	0	0	0	9	2	9	2	2	2	0	2	0	2	1	9	0	9	1	9	2	2	0	9	9	0	2	2	0	0	2	2	1	2	0	0	9	1	0	9	1	1	2	0	0	0	2	9	0
3729	2	2	2	0	2	9	0	0	1	0	2	2	2	9	2	0	9	9	0	9	9	2	0	2	2	2	9	0	2	9	2	9	0	2	0	0	2	2	2	2	2	2	9	0	2	0	9	2	0	0	9	9	2	2	9	9	2	9	0	9	9	9	2	9	1	0	2	9	0	9	9	0	0	2	9	2	9	0	0	9	0	0
3743	9	0	9	0	9	9	9	9	0	0	2	2	2	2	2	9	2	2	0	2	9	2	9	9	9	9	9	9	1	9	1	1	0	9	0	0	9	2	2	0	2	9	9	9	9	9	9	9	0	2	2	9	2	1	9	9	9	9	0	2	2	9	9	2	9	9	0	9	9	9	9	0	9	9	0	2	9	9	1	9	0	9
3749	2	2	2	0	2	2	1	0	0	9	1	1	1	2	2	9	2	2	1	2	1	2	0	9	9	2	9	0	9	1	9	2	1	9	0	0	1	2	9	2	2	9	9	1	2	0	9	2	0	0	9	2	2	9	2	0	2	2	0	2	2	9	9	9	2	0	0	1	0	1	0	0	9	2	0	2	9	0	9	2	0	0
3754	2	2	2	0	2	1	0	0	1	0	2	2	2	2	2	9	2	2	0	2	1	2	0	2	2	2	1	0	2	1	1	9	0	2	0	9	0	2	2	0	2	2	2	0	2	0	9	1	0	0	2	2	2	2	2	0	9	9	0	2	2	0	1	9	2	0	1	0	0	0	1	0	0	2	0	9	9	1	9	0	9	0
3770	2	2	9	0	2	9	9	0	0	0	2	1	1	2	2	9	2	2	0	1	9	9	9	2	9	2	9	0	9	9	2	1	9	9	9	0	0	2	9	9	2	2	2	0	9	0	9	9	9	9	2	2	9	2	9	9	9	9	0	2	2	9	1	9	9	9	1	1	0	9	9	0	0	9	0	2	9	0	0	1	2	0
3783	0	2	9	0	9	2	1	0	9	0	2	9	0	2	2	0	2	2	0	2	9	2	0	2	9	9	9	9	9	1	1	2	0	9	0	0	9	2	2	9	2	2	9	0	2	0	9	2	9	0	9	9	2	2	2	0	9	2	9	2	2	0	9	9	9	0	1	9	0	9	9	1	0	2	1	9	0	0	1	9	9	9
3787	9	2	2	0	9	2	9	0	0	9	1	9	1	2	2	0	2	2	0	1	2	9	0	9	9	9	9	0	2	0	2	2	0	9	9	0	0	2	2	9	2	2	9	9	9	0	9	2	0	0	2	2	2	9	9	9	9	2	0	9	2	1	0	2	2	1	0	9	0	9	9	0	9	9	1	9	0	0	0	0	0	0
3811	2	2	2	0	2	2	0	0	0	9	2	0	2	2	2	2	2	2	0	1	9	2	0	2	2	2	1	0	2	1	2	1	0	2	0	0	0	2	2	1	2	2	2	0	2	0	9	9	0	0	2	2	2	2	2	0	2	9	0	2	2	0	0	2	1	2	1	1	0	1	2	0	0	2	0	2	0	0	1	1	9	0
3812	2	0	2	0	2	2	0	0	1	9	2	2	2	2	2	1	2	2	0	2	9	2	0	2	2	2	9	0	2	1	2	2	0	2	9	0	2	1	2	0	2	2	9	0	9	2	9	2	0	2	9	2	2	0	2	9	2	9	0	1	2	0	0	2	2	9	2	1	1	9	2	0	0	2	0	1	9	9	9	1	1	0
3818	2	0	1	0	0	9	0	9	0	9	2	2	2	2	2	2	2	2	0	2	1	2	0	2	9	2	0	0	9	9	1	9	0	2	0	0	0	2	9	1	1	1	2	9	2	2	9	2	0	2	9	2	2	2	9	9	9	9	0	2	0	9	0	2	9	1	2	9	0	0	1	1	0	2	0	2	0	0	0	0	1	0
3830	2	2	2	0	2	2	0	9	0	0	2	0	0	2	9	0	2	2	0	1	0	2	0	2	9	2	2	0	2	1	1	1	0	2	9	0	2	2	2	9	2	2	2	0	2	0	9	2	9	0	2	9	9	2	9	9	9	9	9	1	2	9	9	9	2	0	1	9	1	0	1	0	0	1	9	2	9	9	0	2	1	0
3839	9	0	9	0	2	2	1	0	1	0	2	2	2	1	2	9	2	2	0	1	9	2	0	2	2	2	0	0	9	1	2	2	9	2	0	0	0	2	9	1	2	2	2	0	2	2	1	2	0	2	2	9	2	2	2	9	9	2	0	2	9	0	0	2	2	0	2	0	0	2	2	0	0	2	0	2	0	0	0	0	9	0
3867	2	2	9	0	2	9	0	0	0	0	2	1	1	2	2	9	2	2	1	2	9	9	1	9	2	2	0	0	9	9	1	1	9	1	0	0	1	2	9	0	2	2	2	0	2	0	9	2	0	0	9	2	2	2	2	0	2	9	0	9	2	0	1	2	2	9	1	9	0	1	9	9	9	2	1	2	0	0	0	9	9	0
3902	2	0	9	0	2	2	9	0	0	1	2	2	2	2	2	2	2	2	0	2	9	2	9	9	9	1	0	0	2	1	2	2	0	2	0	0	9	2	9	0	9	2	2	0	2	2	1	2	9	2	2	2	2	2	2	0	9	1	0	9	1	9	0	2	2	0	2	9	0	2	2	0	0	2	0	2	0	1	0	9	1	0
3908	2	2	2	1	2	2	0	0	0	0	9	2	2	2	2	9	2	2	0	2	1	9	0	2	2	2	0	0	2	1	2	1	0	2	0	9	0	2	9	2	2	2	2	0	2	0	1	2	0	0	2	2	2	2	2	0	2	9	0	2	2	0	0	2	2	1	2	1	1	1	0	1	9	2	0	2	9	0	0	1	9	0
3917	2	2	2	0	2	2	1	0	1	0	2	2	2	2	9	0	9	9	0	2	1	2	0	2	9	2	0	0	9	1	2	1	9	2	0	0	2	2	9	1	2	2	2	0	1	0	1	9	0	0	2	1	9	2	2	0	1	9	0	2	2	1	0	2	2	0	0	2	1	2	1	0	9	2	1	9	0	1	9	0	0	9
3947	2	2	2	0	2	2	9	0	1	0	2	2	2	2	2	0	2	2	0	2	1	9	0	2	2	2	2	1	9	1	1	2	0	2	0	0	2	2	9	1	2	2	2	0	2	0	1	2	0	0	9	9	1	2	2	0	2	2	0	2	2	0	9	2	2	0	2	0	0	9	0	0	0	2	0	2	0	0	0	0	0	0
397	2	2	2	9	1	2	0	0	0	0	1	2	2	2	2	0	2	2	9	2	9	9	0	9	2	2	1	0	2	1	1	2	1	2	0	9	2	2	2	9	2	2	9	0	9	0	1	9	0	0	2	2	2	2	1	0	9	2	0	2	2	0	9	2	2	1	2	9	0	1	2	0	0	2	0	2	9	0	1	9	9	0
3972	9	2	9	0	2	2	0	9	1	0	2	2	2	2	2	0	2	2	0	9	9	2	9	9	9	9	1	0	9	9	2	2	9	2	0	9	0	2	2	9	2	2	9	0	2	0	1	9	0	0	9	1	9	2	9	0	2	9	0	2	9	0	9	2	2	0	2	2	0	9	9	0	0	9	1	2	9	0	0	9	9	9
3978	2	0	2	1	2	9	9	0	9	9	2	2	2	2	2	9	2	2	0	2	0	1	9	9	9	2	2	0	2	9	9	1	0	2	9	0	9	2	2	9	2	2	2	9	2	2	0	2	0	2	2	9	2	9	2	9	9	9	0	2	2	0	9	9	2	9	2	9	1	9	9	0	9	9	9	2	9	9	1	0	0	0
400	2	2	9	0	2	9	1	0	0	9	1	1	2	2	2	9	2	2	1	2	9	9	0	1	9	2	1	9	9	1	2	1	9	2	0	0	1	2	2	1	2	2	2	0	2	0	9	1	0	0	9	2	2	2	2	0	9	9	9	2	2	0	1	9	9	0	1	9	0	2	0	0	0	9	1	2	9	0	0	1	0	0
445	2	0	9	0	1	9	0	9	0	0	2	2	2	2	2	9	2	2	0	2	1	2	9	2	2	2	0	9	2	1	2	1	0	9	0	0	0	2	2	1	2	2	2	0	2	2	1	2	0	2	2	9	1	2	2	0	9	9	0	2	2	0	0	2	2	9	1	0	0	1	1	0	9	9	1	2	0	9	1	2	1	0
487	2	2	2	0	2	2	0	0	0	9	1	2	2	2	2	9	2	2	0	2	9	2	1	2	2	1	1	0	1	9	2	1	1	2	0	9	0	2	2	2	9	2	2	0	1	0	9	1	0	0	2	2	2	2	2	0	2	2	0	2	2	0	9	2	1	0	2	0	0	2	0	0	0	2	0	2	0	1	1	0	0	0
560	2	2	9	0	9	2	9	9	0	0	2	2	9	9	2	0	9	9	0	2	9	2	9	9	9	9	9	0	2	9	1	2	0	2	0	0	0	2	2	9	2	2	9	0	2	0	9	2	0	0	2	2	2	2	2	9	9	9	0	2	9	0	2	9	2	0	2	0	0	9	1	0	9	9	0	2	0	0	0	0	0	0
562	2	2	9	1	9	9	0	0	0	1	2	2	2	2	9	0	2	2	0	2	1	2	0	2	2	2	0	0	9	1	2	1	9	2	0	9	1	2	2	9	2	2	2	0	2	0	1	9	0	0	1	2	2	2	2	0	2	2	0	2	2	0	9	2	2	0	2	2	0	9	1	0	0	2	0	2	0	0	2	9	9	0
587	2	2	9	0	2	9	9	9	0	9	1	2	2	2	2	9	9	9	0	1	9	2	0	2	9	2	0	9	9	9	1	1	0	2	9	9	9	2	2	2	2	2	2	0	2	0	9	2	1	0	9	9	2	2	9	9	9	2	0	2	2	0	0	9	2	1	2	9	0	9	1	0	9	9	1	2	9	1	0	1	9	0
601	2	2	9	0	2	9	0	0	9	0	2	9	1	2	2	0	2	2	0	1	9	2	0	2	2	2	1	0	2	1	2	9	0	2	0	0	1	2	2	2	1	2	9	0	2	0	9	1	0	0	2	1	1	2	1	9	2	1	9	2	1	0	9	2	2	1	0	0	0	2	2	0	0	2	0	2	9	1	0	0	0	0
604	2	2	2	9	2	9	9	9	0	9	9	9	2	2	2	0	2	2	0	2	0	2	9	9	9	9	0	0	2	9	2	2	0	9	9	0	2	2	2	9	2	2	9	0	9	0	1	2	0	0	9	9	2	2	2	9	9	9	0	9	2	9	0	9	2	9	2	0	0	9	1	0	9	9	0	2	9	9	1	9	0	0
610	2	2	9	9	2	9	9	9	0	9	9	2	2	2	2	9	9	2	0	2	9	2	9	9	9	2	1	0	1	1	1	1	0	9	0	0	1	9	2	9	1	2	9	0	9	0	9	2	9	0	9	9	1	2	9	0	9	2	0	2	2	9	0	9	1	9	2	9	0	9	9	0	9	9	0	2	0	1	0	0	2	0
611	2	2	2	9	9	9	9	9	9	0	2	9	0	9	2	9	2	2	0	2	0	9	0	9	9	9	9	9	2	9	9	2	9	9	0	0	0	2	2	9	2	2	9	1	9	0	0	2	0	0	2	2	9	2	9	0	9	9	0	2	2	9	9	9	9	9	1	0	0	9	9	9	9	9	0	2	9	1	0	0	2	0
617	2	2	9	0	2	9	9	9	0	9	2	1	1	9	2	9	9	9	1	2	1	2	9	9	9	9	9	0	1	1	9	2	0	9	9	0	0	2	9	9	2	2	2	9	9	9	9	2	9	9	9	9	1	2	9	9	9	9	9	2	2	0	2	9	2	9	2	9	1	9	9	0	9	9	0	2	9	1	1	1	0	0
619	2	0	2	0	2	9	9	9	0	0	2	1	1	2	2	9	2	2	0	2	1	2	0	2	9	2	9	9	2	1	9	1	0	2	9	0	9	2	2	9	2	2	2	0	9	2	9	9	9	2	9	9	2	2	9	9	9	9	0	9	9	0	0	2	2	0	2	0	0	9	9	9	9	9	0	2	0	0	1	9	9	0
62	2	2	2	0	2	2	0	0	0	0	2	2	2	2	2	0	2	2	0	2	9	9	0	2	2	2	1	9	2	1	2	1	0	2	1	0	1	2	9	1	2	2	2	0	2	0	1	2	0	0	2	1	1	2	1	0	2	9	9	2	2	9	2	1	2	2	1	0	0	2	2	0	0	9	0	2	9	0	0	1	0	0
620	2	2	9	0	2	2	1	9	0	0	2	1	9	2	2	2	1	9	0	1	9	2	9	2	2	2	1	0	9	1	2	2	0	2	0	0	0	9	1	2	2	2	2	0	9	0	1	2	0	0	9	2	2	2	9	0	1	2	9	2	2	0	2	1	9	0	1	0	0	2	0	0	0	2	1	2	9	1	0	2	9	0
704	2	2	2	0	2	2	1	0	0	0	2	2	2	2	9	9	2	2	0	2	9	2	0	9	9	2	1	0	9	9	1	2	0	2	0	0	0	2	2	0	2	2	9	0	2	0	1	2	0	0	9	9	9	2	2	0	2	2	0	9	2	1	1	1	2	1	2	1	0	9	1	0	0	2	0	9	0	0	0	1	0	9
747	2	2	9	0	2	9	9	9	0	9	1	2	2	2	2	9	9	9	0	9	9	2	0	2	2	2	1	9	9	9	1	1	0	2	0	0	1	2	2	9	2	2	9	0	9	0	1	9	0	0	2	2	2	2	9	9	9	9	0	9	1	0	9	9	9	9	2	9	0	9	9	9	9	9	9	2	0	9	0	1	9	0
753	2	2	9	0	9	9	9	9	9	0	2	2	9	2	2	9	2	2	0	9	9	9	9	9	9	2	2	0	2	9	2	1	0	9	0	0	0	2	2	9	2	2	2	0	9	0	9	2	9	0	2	9	2	2	9	0	9	9	0	2	2	0	9	9	2	1	2	9	0	9	9	9	9	9	0	2	9	0	0	9	2	0
780	2	2	9	0	2	9	9	9	9	0	2	9	9	2	9	0	2	2	0	9	9	9	9	9	9	9	9	0	2	9	1	2	9	2	9	0	2	2	2	9	2	2	9	9	9	0	9	2	9	0	2	2	9	2	9	9	9	9	0	9	2	9	0	2	9	9	1	0	0	1	9	9	9	9	1	9	9	0	9	9	1	0
803	2	2	9	0	2	2	9	0	0	0	2	0	0	2	2	1	2	2	0	0	1	2	0	2	9	2	9	0	9	1	2	2	1	2	9	1	0	2	9	2	2	2	2	0	1	0	9	1	9	0	2	1	1	2	9	0	2	9	9	2	2	9	2	2	2	0	2	9	0	2	9	0	9	2	1	1	0	1	0	2	9	0
810	2	2	2	0	2	9	9	0	0	0	2	1	1	2	2	0	2	2	0	9	1	2	0	9	9	2	2	0	2	1	2	2	0	2	9	0	1	2	2	1	2	2	2	0	2	0	9	1	0	0	2	9	1	2	9	0	9	9	0	1	2	9	9	2	2	1	2	9	1	9	9	9	0	2	1	2	9	1	9	2	0	0
819	9	2	9	0	1	2	0	9	0	0	1	1	1	2	2	9	9	2	0	2	1	9	1	2	2	2	1	0	9	1	9	2	0	2	0	9	2	2	2	9	2	2	2	0	2	0	9	2	0	0	9	9	2	2	1	0	9	2	0	2	2	0	9	2	2	0	1	2	0	2	9	9	9	2	1	0	9	1	0	2	0	0
830	9	2	9	9	1	1	0	0	1	0	2	2	2	2	9	0	2	2	0	2	9	2	0	2	2	2	2	0	2	1	2	9	0	9	0	0	1	2	9	2	2	2	1	0	9	0	9	2	0	0	9	2	2	2	2	0	9	9	1	1	2	0	2	2	2	9	2	0	0	1	1	0	9	9	0	9	9	0	0	9	0	0
831	2	2	2	0	2	9	0	0	0	0	2	2	2	2	2	0	2	2	0	2	9	2	1	2	2	2	0	0	2	1	2	9	0	2	0	0	0	2	2	9	1	2	2	0	2	0	9	1	0	0	2	2	2	2	2	0	2	9	0	1	2	0	0	2	2	0	2	1	0	1	9	0	1	2	0	2	9	0	0	0	1	0
845	2	2	0	9	0	2	0	0	0	0	9	1	1	2	2	0	2	2	0	0	0	2	0	9	2	2	9	0	1	9	9	2	9	2	0	0	9	2	9	0	2	2	2	0	2	0	0	9	0	0	9	9	2	2	9	9	9	2	0	2	2	0	9	9	9	0	1	9	1	9	0	9	9	9	0	9	9	1	1	0	1	0
849	2	2	9	9	1	2	0	0	0	0	2	2	2	2	2	0	2	2	9	2	9	2	0	2	9	2	9	0	2	1	1	2	0	2	9	0	0	2	2	9	2	2	2	1	2	0	9	1	0	0	2	2	9	2	2	0	9	9	0	2	1	1	0	2	9	1	1	0	1	9	1	1	9	2	1	2	9	1	1	1	9	0
851	9	2	2	0	2	9	0	9	0	0	2	2	2	2	2	0	2	2	0	1	0	2	9	9	2	2	0	0	2	9	2	2	0	2	0	0	0	2	2	9	9	2	2	0	9	9	0	2	0	0	0	9	9	2	2	9	9	9	0	2	2	1	9	9	2	0	0	9	0	9	9	0	9	9	1	2	9	0	0	2	1	0
854	2	2	2	0	9	9	9	9	9	0	2	2	2	2	9	0	2	2	0	2	9	9	9	9	9	9	9	0	9	1	9	2	0	2	9	0	1	2	2	9	1	2	9	0	9	0	0	9	0	0	9	9	9	2	9	9	9	1	0	2	2	0	9	9	9	0	2	0	1	9	2	9	9	9	0	1	0	0	0	1	0	0
882	2	2	2	0	2	9	9	9	0	0	1	9	2	9	9	0	2	2	0	9	1	9	9	2	9	9	9	9	2	1	9	1	0	2	0	0	9	2	2	9	2	2	9	0	9	0	9	9	9	0	9	9	9	2	9	0	9	9	0	2	2	9	9	9	9	9	1	9	9	9	9	0	9	9	1	9	9	0	0	9	0	0
901	9	2	2	0	2	2	9	0	0	9	2	1	0	9	9	9	2	2	0	2	1	9	0	2	2	2	2	0	9	1	2	1	9	2	0	9	1	2	2	1	2	2	2	0	2	0	2	1	0	0	9	2	2	2	2	0	2	2	0	9	2	0	0	2	2	0	2	1	0	2	1	9	1	1	1	2	9	1	0	0	9	0
92	9	2	9	0	9	2	9	0	0	0	2	1	1	0	2	9	2	2	0	2	0	9	0	2	9	2	1	0	9	1	2	2	9	2	0	0	1	2	2	9	2	2	2	0	2	0	1	2	9	1	2	9	2	2	2	9	2	9	0	2	2	0	9	9	1	9	2	9	0	2	2	0	0	9	9	2	0	0	0	9	9	0
921	9	1	9	0	9	2	9	9	9	9	2	9	2	2	2	9	9	9	0	2	1	9	9	9	9	2	9	9	2	1	2	1	9	9	9	0	9	2	9	9	2	2	9	9	9	0	9	2	0	0	2	9	9	2	9	9	9	2	9	9	2	9	9	9	9	9	1	0	0	9	9	9	9	2	0	9	0	0	0	9	9	0
940	2	2	9	0	2	9	9	9	0	9	2	1	1	2	9	9	2	2	0	2	0	9	9	2	9	2	9	0	9	9	1	2	0	2	0	0	1	2	2	9	2	2	9	0	2	0	9	1	0	0	2	2	9	2	9	0	9	1	0	9	9	0	1	2	9	9	2	0	0	9	2	9	9	9	0	2	0	0	0	0	9	0
949	2	2	9	0	0	2	9	9	0	9	1	2	2	9	2	9	2	2	9	2	9	9	9	2	9	9	9	9	9	1	1	1	0	9	0	0	9	2	9	9	1	2	9	9	9	0	9	9	0	0	2	9	9	2	9	9	9	9	0	9	9	0	0	2	2	0	0	0	0	9	2	9	9	9	0	9	9	9	0	9	9	0
960	2	2	2	9	1	2	0	0	0	0	2	1	1	2	9	0	2	2	0	2	9	2	0	2	9	1	1	0	9	1	2	2	0	2	0	0	0	2	2	9	2	2	9	0	9	0	1	2	0	0	9	9	2	2	2	0	9	2	1	2	2	9	0	2	2	1	2	0	9	9	9	0	9	9	0	2	9	1	1	0	9	0
961	1	2	9	0	2	9	1	0	0	9	2	9	2	2	9	0	2	2	0	2	9	9	0	9	9	9	0	9	2	9	2	1	0	9	9	0	0	2	9	9	2	2	2	9	2	0	1	9	0	0	2	2	2	2	9	9	2	9	0	9	2	9	0	9	9	1	0	0	0	9	0	9	9	9	1	2	0	9	1	9	0	0
962	2	2	1	0	2	9	0	9	0	0	2	1	1	2	2	0	2	2	0	2	9	2	1	2	2	2	1	0	2	1	1	1	0	2	0	0	1	2	2	0	2	2	9	0	2	0	9	2	0	0	2	2	0	2	2	0	2	2	1	2	2	1	0	2	1	0	9	2	0	2	2	0	9	2	0	9	0	0	1	2	1	0
99	2	2	9	0	2	2	9	0	0	0	2	2	2	2	2	0	2	2	0	2	1	2	1	2	9	2	1	0	2	1	2	1	0	2	1	0	0	2	9	1	2	2	2	0	2	0	1	2	9	0	9	9	9	2	2	0	2	9	9	2	2	0	0	2	2	0	2	0	0	1	0	0	0	2	0	2	0	0	1	1	9	1
997	2	2	2	0	2	9	9	0	0	0	1	0	0	2	2	0	2	2	0	2	9	2	0	2	2	1	0	0	2	1	1	1	0	1	0	1	0	2	9	9	9	2	2	0	2	0	2	2	0	0	9	2	2	2	1	0	2	2	1	2	2	0	1	2	2	0	2	0	0	1	1	1	0	2	0	2	0	0	2	9	9	1