ID	fragScaff_scaffold_1321_729524	fragScaff_scaffold_5170_405596	fragScaff_scaffold_9388_311076
1009	2	0	1
1035	2	0	1
104	9	0	0
1054	9	0	0
1072	2	0	0
1094	2	0	9
1095	2	0	9
110	2	0	0
1101	2	0	0
1148	9	0	9
1231	2	0	9
1279	2	0	0
128	2	0	0
1280	9	0	0
1306	2	0	0
1310	9	0	0
1323	2	0	0
1326	2	0	0
1337	2	0	0
1341	2	0	9
1365	2	0	0
1398	2	0	0
1400	9	0	2
1504	2	0	0
1515	2	0	1
1592	2	0	0
166	2	0	0
1667	2	0	0
1805	2	0	0
1807	2	0	0
1871	9	0	0
1902	2	0	9
1923	2	0	9
1935	9	0	0
1936	2	0	0
1953	2	0	0
197	2	0	0
1994	2	0	0
2013	9	0	0
2020	9	0	9
2027	2	0	0
2043	9	0	0
2054	9	0	0
2057	1	0	0
2070	2	0	0
2092	1	1	0
212	2	0	9
2123	9	9	0
2168	2	0	0
2179	2	0	0
218	2	0	0
2180	2	0	0
219	2	0	0
222	2	0	1
2221	2	0	0
2227	2	0	0
2248	2	9	1
2250	2	0	0
2251	2	0	0
2274	2	0	0
2276	2	0	0
2304	2	0	9
2325	2	0	0
2350	2	0	0
2352	2	0	0
2378	2	1	9
2379	2	0	9
2381	2	9	0
2382	2	1	0
2406	2	0	0
242	1	0	0
245	2	0	1
2653	2	0	0
2654	9	0	0
2670	2	0	0
2678	9	0	0
2700	2	0	0
2712	2	0	0
2728	2	0	0
2733	2	0	0
2749	2	0	0
2750	9	0	0
2776	2	0	0
2777	2	0	0
2783	2	0	0
2809	2	0	0
2819	2	0	0
2830	2	0	0
2834	2	0	0
2842	9	0	0
2844	2	0	0
2876	2	0	0
288	2	0	0
2883	2	0	0
2893	9	0	0
2900	1	0	9
2914	2	0	9
2917	2	0	0
2920	2	0	0
2922	9	0	0
2928	2	0	0
2935	2	0	0
2951	2	0	0
2954	2	0	0
2980	2	1	1
300	9	0	9
3009	2	0	0
3112	9	0	9
3178	2	0	0
3179	1	0	1
3201	9	1	0
3204	9	0	0
3265	2	1	0
3284	2	0	0
3290	2	0	0
3291	2	0	0
331	2	0	9
3340	2	0	0
3381	2	0	0
3392	2	0	0
3397	2	0	0
3407	2	0	0
3418	2	0	0
3423	2	0	0
3431	2	0	0
3440	1	0	0
3462	2	0	0
3463	1	0	0
350	2	0	1
3531	2	0	0
3553	2	0	1
3558	2	0	0
3576	2	0	0
3586	9	0	9
360	2	0	0
37	2	0	9
3701	2	0	0
3722	2	0	1
3725	2	0	9
3729	2	0	0
3743	2	0	9
3749	2	0	0
3754	2	0	0
3770	9	0	0
3783	2	0	9
3787	9	0	0
3811	9	0	1
3812	2	0	0
3818	1	0	1
3830	2	0	0
3839	2	2	0
3867	2	0	0
3902	1	0	9
3908	2	0	0
3917	2	0	0
3947	2	0	0
397	2	0	0
3972	2	9	9
3978	2	0	0
400	2	0	0
445	2	0	0
487	2	0	0
560	2	0	9
562	2	0	0
587	2	0	9
601	2	0	0
604	9	0	9
610	2	0	0
611	2	0	0
617	2	9	0
619	2	0	0
62	2	0	0
620	9	0	0
704	2	0	9
747	2	0	0
753	9	0	0
780	2	0	0
803	2	0	0
810	2	0	0
819	2	0	9
830	2	0	0
831	2	0	0
845	2	0	0
849	2	0	0
851	2	0	0
854	2	0	0
882	2	0	0
901	2	1	0
92	2	0	0
921	2	0	0
940	2	0	0
949	2	0	0
960	2	0	0
961	2	0	9
962	1	0	0
99	2	0	9
997	2	0	1