color1	color2	Lot_Name	Species	LOT	MOM	seed_zone 	elevation_cat	elevation_band	metal_tag	Genotype	Plant_Yr	Mort_Yr	Height_17	Height_18	Height_19	BD_19	%_alive_needles_19	Height_20	BD_20	%_alive_needles_20	Tissue_collected	Height_21	BD_21	alive_needles_21	num_needles
black	black	PILA55_1	PILA	6458	19459	526	-99	5500	3204	0	2019	-99	-99	-99	-99	-99	-99	21	5.4	100	3	-99	-99	-99	-99
black	black	PILA55_1	PILA	6458	19459	526	-99	5500	3409	0	2019	-99	-99	-99	-99	-99	-99	20	6.2	100	3	26	7.6	50	5
black	black	PILA55_1	PILA	6458	19459	526	-99	5500	3481	0	2019	-99	-99	-99	-99	-99	-99	12	6.6	100	3	-99	-99	-99	-99
black	black	PILA55_1	PILA	6458	19459	526	-99	5500	3723	0	2019	-99	-99	-99	-99	-99	-99	10	5.6	70	3	18	7.8	90	5
black	black	PILA55_1	PILA	6458	19459	526	-99	5500	3838	0	2019	-99	-99	-99	-99	-99	-99	11	6.3	95	2	16.8	8.6	100	5
black	black/green	PILA50_1	PILA	7527	19166	532	-99	5000	1372	0	2019	-99	-99	-99	-99	-99	-99	11.3	5.1	100	3	27.4	10	100	5
black	black/pink	PILA50_2	PILA	5868	19164	532	-99	5000	1349	0	2019	-99	-99	-99	-99	-99	-99	-99	-99	-99	-99	23.4	7	100	5
black	blue	PILA50_3	PILA	6384	19411	531	-99	5000	1171	0	2019	2019	-99	-99	-99	-99	-99	-99	-99	-99	-99	-99	-99	-99	-99
black	blue	PILA50_3	PILA	6384	19411	531	-99	5000	1845	0	2019	2019	-99	-99	-99	-99	-99	-99	-99	-99	-99	-99	-99	-99	-99
black	blue	PILA50_3	PILA	6384	19411	531	-99	5000	3919	0	2019	2019	-99	-99	-99	-99	-99	-99	-99	-99	-99	-99	-99	-99	-99
black	blue	PILA50_3	PILA	6384	19411	531	-99	5000	1710	0	2019	2021	-99	-99	-99	-99	-99	17.9	6.2	90	3	31	7.8	0	5
black	blue	PILA50_3	PILA	6384	19411	531	-99	5000	1305	0	2019	-99	-99	-99	-99	-99	-99	15	6.2	80	3	19	6.6	100	5
black	blue	PILA50_3	PILA	6384	19411	531	-99	5000	1520	0	2019	-99	-99	-99	-99	-99	-99	10	2.6	100	0	15.2	4.6	50	5
black	blue	PILA50_3	PILA	6384	19411	531	-99	5000	3210	0	2019	-99	-99	-99	-99	-99	-99	24	7.6	95	3	-99	-99	-99	-99
black	blue	PILA50_3	PILA	6384	19411	531	-99	5000	3718	0	2019	-99	-99	-99	-99	-99	-99	18	7.5	95	3	25	10.3	100	5
black	brown	PILA50_4	PILA	6400	19323	531	-99	5000	1546	0	2019	2019	-99	-99	-99	-99	-99	-99	-99	-99	-99	-99	-99	-99	-99
black	brown	PILA50_4	PILA	6400	19323	531	-99	5000	1969	0	2019	2019	-99	-99	-99	-99	-99	-99	-99	-99	-99	-99	-99	-99	-99
black	brown	PILA50_4	PILA	6400	19323	531	-99	5000	1550	0	2019	2021	-99	-99	-99	-99	-99	-99	-99	-99	-99	19	5.1	0	5
black	brown	PILA50_4	PILA	6400	19323	531	-99	5000	1365	1	2019	-99	-99	-99	-99	-99	-99	21	4.7	100	3	30.2	9	100	5
black	brown	PILA50_4	PILA	6400	19323	531	-99	5000	3134	0	2019	-99	-99	-99	-99	-99	-99	18.5	6.8	60	3	22	7.4	75	5
black	clear	PILA50_5	PILA	6402	19331	531	-99	5000	1336	0	2019	2019	-99	-99	-99	-99	-99	-99	-99	0	-99	-99	-99	-99	-99
black	clear	PILA50_5	PILA	6402	19331	531	-99	5000	1756	0	2019	-99	-99	-99	-99	-99	-99	-99	-99	-99	-99	14	5.4	100	5
black	green	PILA50_6	PILA	6259	19414	531	-99	5000	1348	0	2019	2019	-99	-99	-99	-99	-99	-99	-99	-99	-99	-99	-99	-99	-99
black	green	PILA50_6	PILA	6259	19414	531	-99	5000	3316	0	2019	2019	-99	-99	-99	-99	-99	-99	-99	-99	-99	-99	-99	-99	-99
black	green	PILA50_6	PILA	6259	19414	531	-99	5000	3420	0	2019	2019	-99	-99	-99	-99	-99	-99	-99	-99	-99	-99	-99	-99	-99
black	green	PILA50_6	PILA	6259	19414	531	-99	5000	3926	0	2019	2019	-99	-99	-99	-99	-99	-99	-99	-99	-99	-99	-99	-99	-99
black	green	PILA50_6	PILA	6259	19414	531	-99	5000	3340	1	2019	2021	-99	-99	-99	-99	-99	24	6.3	100	3	32	6.8	0	5
black	green	PILA50_6	PILA	6259	19414	531	-99	5000	3754	1	2019	-99	-99	-99	-99	-99	-99	13	3.9	100	2	18.2	5.9	75	5
black	green/black	PILA50_7	PILA	7527	19166	532	-99	5000	3478	0	2019	2021	-99	-99	-99	-99	-99	17	5	90	3	15	4.9	0	5
black	orange	PILA50_8	PILA	6397	19322	531	-99	5000	1180	0	2019	2019	-99	-99	-99	-99	-99	-99	-99	-99	-99	-99	-99	-99	-99
black	orange	PILA50_8	PILA	6397	19322	531	-99	5000	1187	0	2019	2019	-99	-99	-99	-99	-99	-99	-99	-99	-99	-99	-99	-99	-99
black	orange	PILA50_8	PILA	6397	19322	531	-99	5000	1741	0	2019	2019	-99	-99	-99	-99	-99	-99	-99	-99	-99	15	3.5	-99	-99
black	orange	PILA50_8	PILA	6397	19322	531	-99	5000	3423	1	2019	2021	-99	-99	-99	-99	-99	20.5	5.3	90	3	27.8	8.2	0	5
black	orange	PILA50_8	PILA	6397	19322	531	-99	5000	1095	1	2019	-99	-99	-99	14.5	2.81	-99	17	5.4	90	2	-99	-99	-99	-99
black	orange	PILA50_8	PILA	6397	19322	531	-99	5000	1394	0	2019	-99	-99	-99	-99	-99	-99	-99	-99	-99	-99	27.2	9.2	100	5
black	orange	PILA50_8	PILA	6397	19322	531	-99	5000	3143	0	2019	-99	-99	-99	-99	-99	-99	12	4.2	100	3	-99	-99	-99	-99
black	orange	PILA50_8	PILA	6397	19322	531	-99	5000	3388	0	2019	-99	-99	-99	-99	-99	-99	32	9.4	90	3	-99	-99	-99	-99
black	pink/purple	PILA50_9	PILA	7526	19349	531	-99	5000	1096	0	2019	2020	-99	-99	12	3.12	-99	-99	-99	-99	-99	-99	-99	-99	-99
black	pink/purple	PILA50_9	PILA	7526	19349	531	-99	5000	3427	0	2019	-99	-99	-99	-99	-99	-99	20	7.1	100	3	26.6	7.9	75	5
black	purple	PILA50_10	PILA	6905	20356	531	-99	5000	3323	0	2019	2019	-99	-99	-99	-99	-99	-99	-99	-99	-99	-99	-99	-99	-99
black	purple	PILA50_10	PILA	6905	20356	531	-99	5000	3176	0	2019	2021	-99	-99	-99	-99	-99	-99	-99	-99	-99	25	4.5	0	5
black	purple	PILA50_10	PILA	6905	20356	531	-99	5000	1935	1	2019	-99	-99	-99	-99	-99	-99	28	6.7	95	3	37.4	8	100	5
black	purple	PILA50_10	PILA	6905	20356	531	-99	5000	3532	0	2019	-99	-99	-99	-99	-99	-99	12	3.9	5	0	-99	-99	-99	-99
black	purple	PILA50_10	PILA	6905	20356	531	-99	5000	3900	0	2019	-99	-99	-99	-99	-99	-99	24	9.9	100	3	-99	-99	-99	-99
black	purple	PILA50_10	PILA	6905	20356	531	-99	5000	3908	1	2019	-99	-99	-99	-99	-99	-99	20	7.1	100	3	27.6	9.9	100	5
black	purple/pink	PILA50_11	PILA	7526	19349	531	-99	5000	1161	0	2019	-99	-99	-99	14	4.6	-99	23.2	6.3	30	3	28.2	8.9	50	5
black	purple/pink	PILA50_11	PILA	7526	19349	531	-99	5000	3397	1	2019	-99	-99	-99	-99	-99	-99	13	5.8	70	3	24.4	4.9	100	5
black	red	PILA50_12	PILA	7066	20355	531	-99	5000	3004	0	2019	2019	-99	-99	-99	-99	-99	-99	-99	-99	-99	-99	-99	-99	-99
black	red	PILA50_12	PILA	7066	20355	531	-99	5000	1727	0	2019	-99	-99	-99	-99	-99	-99	16.3	5.2	60	3	-99	-99	-99	-99
black	red	PILA50_12	PILA	7066	20355	531	-99	5000	1929	0	2019	-99	-99	-99	-99	-99	-99	24	6	100	3	-99	-99	-99	-99
black	red	PILA50_12	PILA	7066	20355	531	-99	5000	3596	0	2019	-99	-99	-99	-99	-99	-99	13.4	4.4	60	3	18	4	100	5
black	red	PILA50_12	PILA	7066	20355	531	-99	5000	3712	0	2019	-99	-99	-99	-99	-99	-99	17	5.4	80	3	27.8	7	100	5
black	yellow	PILA50_13	PILA	6395	19436	531	-99	5000	1991	0	2019	2019	-99	-99	-99	-99	-99	-99	-99	-99	-99	-99	-99	-99	-99
black	yellow	PILA50_13	PILA	6395	19436	531	-99	5000	3279	0	2019	2019	-99	-99	-99	-99	-99	-99	-99	0	-99	-99	-99	-99	-99
black	yellow	PILA50_13	PILA	6395	19436	531	-99	5000	3152	0	2019	2021	-99	-99	-99	-99	-99	-99	-99	-99	-99	21	4.2	0	5
black	yellow	PILA50_13	PILA	6395	19436	531	-99	5000	2726	0	2019	-99	-99	-99	-99	-99	-99	6	6	70	2	18	9.4	100	5
blue	black	PILA60_1	PILA	7557	20459	540	-99	6000	1799	0	2019	2019	-99	-99	-99	-99	-99	-99	-99	-99	-99	-99	-99	-99	-99
blue	black	PILA60_1	PILA	7557	20459	540	-99	6000	3125	0	2019	2019	-99	-99	-99	-99	-99	-99	-99	-99	-99	-99	-99	-99	-99
blue	black	PILA60_1	PILA	7557	20459	540	-99	6000	3168	0	2019	2019	-99	-99	-99	-99	-99	-99	-99	0	-99	-99	-99	-99	-99
blue	black	PILA60_1	PILA	7557	20459	540	-99	6000	3173	0	2019	2019	-99	-99	-99	-99	-99	-99	-99	0	-99	-99	-99	-99	-99
blue	black	PILA60_1	PILA	7557	20459	540	-99	6000	3355	0	2019	2019	-99	-99	-99	-99	-99	-99	-99	-99	-99	-99	-99	-99	-99
blue	green	PILA60_2	PILA	7558	20463	540	-99	6000	1375	0	2019	2019	-99	-99	-99	-99	-99	-99	-99	-99	-99	-99	-99	-99	-99
blue	green	PILA60_2	PILA	7558	20463	540	-99	6000	1733	0	2019	2019	-99	-99	-99	-99	-99	-99	-99	-99	-99	-99	-99	-99	-99
blue	green	PILA60_2	PILA	7558	20463	540	-99	6000	1880	0	2019	2019	-99	-99	-99	-99	-99	-99	-99	-99	-99	-99	-99	-99	-99
blue	green	PILA60_2	PILA	7558	20463	540	-99	6000	3182	0	2019	2019	-99	-99	-99	-99	-99	-99	-99	-99	-99	-99	-99	-99	-99
blue	green	PILA60_2	PILA	7558	20463	540	-99	6000	3441	0	2019	2019	-99	-99	-99	-99	-99	-99	-99	0	-99	-99	-99	-99	-99
blue	green	PILA60_2	PILA	7558	20463	540	-99	6000	3902	1	2019	2021	-99	-99	-99	-99	-99	12.8	3.7	95	3	-99	-99	-99	-99
blue	green	PILA60_2	PILA	7558	20463	540	-99	6000	3201	1	2019	-99	-99	-99	-99	-99	-99	24.3	6.4	85	3	-99	-99	-99	-99
blue	green	PILA60_2	PILA	7558	20463	540	-99	6000	3265	1	2019	-99	-99	-99	-99	-99	-99	26.5	11.1	95	3	48.4	11.7	100	5
blue	green	PILA60_2	PILA	7558	20463	540	-99	6000	3371	0	2019	-99	-99	-99	-99	-99	-99	22	5.1	100	3	31.2	7.8	100	5
blue	green	PILA60_2	PILA	7558	20463	540	-99	6000	3839	1	2019	-99	-99	-99	-99	-99	-99	14	5.1	90	3	21.8	6.7	100	5
blue	green	PILA60_2	PILA	7558	20463	540	-99	6000	3921	0	2019	-99	-99	-99	-99	-99	-99	29.5	5.5	100	3	-99	-99	-99	-99
blue	green	PILA60_2	PILA	7558	20463	540	-99	6000	3993	0	2019	-99	-99	-99	-99	-99	-99	18	4.9	100	2	-99	-99	-99	-99
blue	orange	PILA60_3	PILA	7556	20450	540	-99	6000	1898	0	2019	-99	-99	-99	-99	-99	-99	17.5	4.3	90	3	-99	-99	-99	-99
blue	orange	PILA60_3	PILA	7556	20450	540	-99	6000	2189	0	2019	-99	-99	-99	-99	-99	-99	9.3	6.1	100	3	15.6	5.3	100	5
blue	orange	PILA60_3	PILA	7556	20450	540	-99	6000	3337	0	2019	-99	-99	-99	-99	-99	-99	17.3	6.2	85	3	35.2	12.2	100	5
blue	orange	PILA60_3	PILA	7556	20450	540	-99	6000	3440	1	2019	-99	-99	-99	-99	-99	-99	14	3.8	90	3	-99	-99	-99	-99
blue	orange	PILA60_3	PILA	7556	20450	540	-99	6000	3750	0	2019	-99	-99	-99	-99	-99	-99	17	3.9	70	2	-99	-99	-99	-99
blue	pink	PILA60_4	PILA	7559	20464	540	-99	6000	3161	0	2019	2019	-99	-99	-99	-99	-99	-99	-99	0	-99	-99	-99	-99	-99
blue	pink	PILA60_4	PILA	7559	20464	540	-99	6000	3761	0	2019	2019	-99	-99	-99	-99	-99	-99	-99	-99	-99	-99	-99	-99	-99
blue	pink	PILA60_4	PILA	7559	20464	540	-99	6000	3886	0	2019	-99	-99	-99	-99	-99	-99	-99	-99	-99	-99	21.4	5	50	5
blue	purple	PILA60_5	PILA	5676	7682	540	-99	6000	3162	0	2019	2019	-99	-99	-99	-99	-99	-99	-99	-99	-99	-99	-99	-99	-99
blue	purple	PILA60_5	PILA	5676	7682	540	-99	6000	3722	1	2019	2021	-99	-99	-99	-99	-99	13.5	4.5	85	3	-99	-99	-99	-99
blue	purple	PILA60_5	PILA	5676	7682	540	-99	6000	3907	0	2019	2021	-99	-99	-99	-99	-99	11	5.2	100	0	11.8	4.6	0	5
blue	purple	PILA60_5	PILA	5676	7682	540	-99	6000	3898	0	2019	-99	-99	-99	-99	-99	-99	-99	-99	-99	-99	24	5.3	100	5
blue	purple	PILA60_5	PILA	5676	7682	540	-99	6000	1398	1	2019	-99	-99	-99	-99	-99	-99	17	5.1	80	2	19.6	7.8	100	5
blue	purple	PILA60_5	PILA	5676	7682	540	-99	6000	3701	1	2019	-99	-99	-99	-99	-99	-99	12	6.1	85	3	19.6	9	100	5
blue	purple	PILA60_5	PILA	5676	7682	540	-99	6000	3792	0	2019	-99	-99	-99	-99	-99	-99	16	4.2	95	3	18	4.8	100	5
blue	yellow	PILA60_6	PILA	7555	19067	540	-99	6000	1333	0	2019	2019	-99	-99	-99	-99	-99	-99	-99	0	-99	-99	-99	-99	-99
blue	yellow	PILA60_6	PILA	7555	19067	540	-99	6000	3076	0	2019	2019	-99	-99	-99	-99	-99	-99	-99	-99	-99	-99	-99	-99	-99
blue	yellow	PILA60_6	PILA	7555	19067	540	-99	6000	3130	0	2019	2019	-99	-99	-99	-99	-99	-99	-99	-99	-99	-99	-99	-99	-99
blue	yellow	PILA60_6	PILA	7555	19067	540	-99	6000	3514	0	2019	2019	-99	-99	-99	-99	-99	-99	-99	-99	-99	-99	-99	-99	-99
blue	yellow	PILA60_6	PILA	7555	19067	540	-99	6000	3592	0	2019	2019	-99	-99	-99	-99	-99	-99	-99	0	-99	-99	-99	-99	-99
blue	yellow	PILA60_6	PILA	7555	19067	540	-99	6000	3009	1	2019	-99	-99	-99	-99	-99	-99	12	5.5	100	3	-99	-99	-99	-99
blue	yellow	PILA60_6	PILA	7555	19067	540	-99	6000	3179	1	2019	-99	-99	-99	-99	-99	-99	20	6.3	100	3	27.2	8.6	100	5
blue	yellow	PILA60_6	PILA	7555	19067	540	-99	6000	3558	1	2019	-99	-99	-99	-99	-99	-99	9	8.7	100	2	16.8	5.3	100	5
blue	yellow	PILA60_6	PILA	7555	19067	540	-99	6000	3818	1	2019	-99	-99	-99	-99	-99	-99	18	4.9	100	3	20.2	6.7	30	5
brown	black	PILA60_7	PILA	8633	19178	532	-99	6000	3784	0	2019	2019	-99	-99	-99	-99	-99	-99	-99	-99	-99	-99	-99	-99	-99
brown	black	PILA60_7	PILA	8633	19178	532	-99	6000	1716	0	2019	2019	-99	-99	-99	-99	-99	-99	-99	-99	-99	-99	-99	-99	-99
brown	black	PILA60_7	PILA	8633	19178	532	-99	6000	3760	0	2019	2019	-99	-99	-99	-99	-99	17	5	85	2	-99	-99	-99	-99
brown	black	PILA60_7	PILA	8633	19178	532	-99	6000	1190	0	2019	-99	-99	-99	-99	-99	-99	22	7.5	60	3	29.8	11.1	50	5
brown	black	PILA60_7	PILA	8633	19178	532	-99	6000	1310	1	2019	-99	-99	-99	-99	-99	-99	17.8	8.4	100	3	46.4	11.1	100	3
brown	black	PILA60_7	PILA	8633	19178	532	-99	6000	1329	0	2019	-99	-99	-99	-99	-99	-99	17	6.1	50	2	25	8	100	5
brown	black	PILA60_7	PILA	8633	19178	532	-99	6000	3189	0	2019	-99	-99	-99	-99	-99	-99	19.9	8.2	100	3	33.4	7.1	100	5
brown	black	PILA60_7	PILA	8633	19178	532	-99	6000	3469	0	2019	-99	-99	-99	-99	-99	-99	21	6.1	100	3	29.6	7.6	75	5
brown	black	PILA60_7	PILA	8633	19178	532	-99	6000	3823	0	2019	-99	-99	-99	-99	-99	-99	15	5.6	90	2	21.4	9.3	100	5
brown	black	PILA60_7	PILA 	8633	19178	532	-99	6000	1843	0	2019	-99	-99	-99	-99	-99	-99	13.5	6.2	80	3	18	6.6	95	5
brown	blue	PILA60_8	PILA	5907	19192	532	-99	6000	3447	0	2019	2019	-99	-99	-99	-99	-99	-99	-99	0	-99	-99	-99	-99	-99
brown	blue	PILA60_8	PILA	5907	19192	532	-99	6000	3879	0	2019	2019	-99	-99	-99	-99	-99	-99	-99	0	-99	-99	-99	-99	-99
brown	blue	PILA60_8	PILA	5907	19192	532	-99	6000	1326	1	2019	-99	-99	-99	-99	-99	-99	17	6.8	100	3	-99	-99	-99	-99
brown	blue	PILA60_8	PILA	5907	19192	532	-99	6000	1504	1	2019	-99	-99	-99	-99	-99	-99	16	6.2	100	3	-99	-99	-99	-99
brown	blue	PILA60_8	PILA	5907	19192	532	-99	6000	1778	0	2019	-99	-99	-99	-99	-99	-99	18.8	6.9	100	3	21	7.4	100	5
brown	blue	PILA60_8	PILA	5907	19192	532	-99	6000	1805	1	2019	-99	-99	-99	-99	-99	-99	12	6.4	80	3	22	7.5	100	5
brown	blue	PILA60_8	PILA	5907	19192	532	-99	6000	1856	0	2019	-99	-99	-99	-99	-99	-99	12.2	4.3	60	0	-99	-99	-99	-99
brown	blue	PILA60_8	PILA	5907	19192	532	-99	6000	3732	0	2019	-99	-99	-99	-99	-99	-99	18	5.4	80	3	-99	-99	-99	-99
brown	clear	PILA60_9	PILA	5890	19153	532	-99	6000	1502	0	2019	2019	-99	-99	-99	-99	-99	-99	-99	-99	-99	-99	-99	-99	-99
brown	clear	PILA60_9	PILA	5890	19153	532	-99	6000	3379	0	2019	2019	-99	-99	-99	-99	-99	-99	-99	-99	-99	-99	-99	-99	-99
brown	clear	PILA60_9	PILA	5890	19153	532	-99	6000	3365	0	2019	-99	-99	-99	-99	-99	-99	-99	-99	-99	-99	16.6	7	100	5
brown	clear	PILA60_9	PILA	5890	19153	532	-99	6000	1942	0	2019	-99	-99	-99	-99	-99	-99	12	5.5	80	3	20.4	6.6	100	5
brown	clear	PILA60_9	PILA	5890	19153	532	-99	6000	3363	0	2019	-99	-99	-99	-99	-99	-99	20	4.8	100	3	27	6	100	5
brown	clear	PILA60_9	PILA	5890	19153	532	-99	6000	3762	0	2019	-99	-99	-99	-99	-99	-99	15	3.4	20	0	19.8	3.6	100	5
brown	green	PILA60_10	PILA	7535	19195	532	-99	6000	1886	0	2019	2019	-99	-99	-99	-99	-99	-99	-99	0	-99	-99	-99	-99	-99
brown	green	PILA60_10	PILA	7535	19195	532	-99	6000	1901	0	2019	2019	-99	-99	-99	-99	-99	-99	-99	0	-99	-99	-99	-99	-99
brown	green	PILA60_10	PILA	7535	19195	532	-99	6000	3160	0	2019	2019	-99	-99	-99	-99	-99	-99	-99	-99	-99	-99	-99	-99	-99
brown	green	PILA60_10	PILA	7535	19195	532	-99	6000	3748	0	2019	2019	-99	-99	-99	-99	-99	-99	-99	-99	-99	-99	-99	-99	-99
brown	green	PILA60_10	PILA	7535	19195	532	-99	6000	3553	1	2019	2021	-99	-99	-99	-99	-99	18	4.4	100	3	12.8	4.3	0	5
brown	green	PILA60_10	PILA	7535	19195	532	-99	6000	3385	0	2019	-99	-99	-99	-99	-99	-99	17	4.7	100	3	27	9.5	100	5
brown	pink	PILA60_11	PILA	5906	19188	532	-99	6000	1345	0	2019	2019	-99	-99	-99	-99	-99	-99	-99	-99	-99	-99	-99	-99	-99
brown	pink	PILA60_11	PILA	5906	19188	532	-99	6000	1354	0	2019	2019	-99	-99	-99	-99	-99	-99	-99	0	-99	-99	-99	-99	-99
brown	pink	PILA60_11	PILA	5906	19188	532	-99	6000	3248	0	2019	-99	-99	-99	-99	-99	-99	24	8	80	3	-99	-99	-99	-99
brown	red	PILA60_12	PILA	7533	19193	532	-99	6000	1167	0	2019	2020	-99	-99	15	3.62	-99	-99	-99	0	-99	-99	-99	-99	-99
brown	red	PILA60_12	PILA	7533	19193	532	-99	6000	3472	0	2019	2019	-99	-99	-99	-99	-99	-99	-99	-99	-99	-99	-99	-99	-99
brown	red	PILA60_12	PILA	7533	19193	532	-99	6000	1182	0	2019	2021	-99	-99	-99	-99	-99	21	6.8	100	3	29	8.1	0	3
brown	red	PILA60_12	PILA	7533	19193	532	-99	6000	3157	0	2019	-99	-99	-99	-99	-99	-99	15	8.2	100	3	21.2	5.6	100	5
brown	red	PILA60_12	PILA	7533	19193	532	-99	6000	3523	0	2019	-99	-99	-99	-99	-99	-99	15	5.2	100	3	39.4	7.4	100	5
brown	red	PILA60_12	PILA	7533	19193	532	-99	6000	3725	1	2019	-99	-99	-99	-99	-99	-99	14.5	4.4	70	3	21	4.8	100	3
brown	yellow	PILA60_13	PILA	5908	19194	532	-99	6000	1340	0	2019	2019	-99	-99	-99	-99	-99	-99	-99	-99	-99	-99	-99	-99	-99
brown	yellow	PILA60_13	PILA	5908	19194	532	-99	6000	3419	0	2019	2019	-99	-99	-99	-99	-99	-99	-99	-99	-99	-99	-99	-99	-99
brown	yellow	PILA60_13	PILA	5908	19194	532	-99	6000	1390	0	2019	-99	-99	-99	-99	-99	-99	25	6.1	100	3	33.8	11	100	5
brown	yellow	PILA60_13	PILA	5908	19194	532	-99	6000	3335	0	2019	-99	-99	-99	-99	-99	-99	21	7.2	100	3	-99	-99	-99	-99
brown	yellow	PILA60_13	PILA	5908	19194	532	-99	6000	3373	0	2019	-99	-99	-99	-99	-99	-99	15	6.1	100	2	-99	-99	-99	-99
brown	yellow	PILA60_13	PILA	5908	19194	532	-99	6000	3391	0	2019	-99	-99	-99	-99	-99	-99	-99	-99	-99	-99	19.4	6.7	100	5
brown	yellow	PILA60_13	PILA	5908	19194	532	-99	6000	3468	0	2019	-99	-99	-99	-99	-99	-99	10	4.5	100	3	20.2	6.1	100	5
brown	yellow	PILA60_13	PILA	5908	19194	532	-99	6000	3550	0	2019	-99	-99	-99	-99	-99	-99	16	5.7	100	3	22.9	8.3	75	5
clear	blue	PILA60_14	PILA	6146	19312	531	-99	6000	3728	0	2019	2019	-99	-99	-99	-99	-99	-99	-99	0	-99	-99	-99	-99	-99
clear	blue	PILA60_14	PILA	6146	19312	531	-99	6000	3955	0	2019	2019	-99	-99	-99	-99	-99	-99	-99	0	-99	-99	-99	-99	-99
clear	blue	PILA60_14	PILA	6146	19312	531	-99	6000	1198	0	2019	2021	-99	-99	-99	-99	-99	-99	-99	-99	-99	20.4	8.9	0	5
clear	blue	PILA60_14	PILA	6146	19312	531	-99	6000	1549	0	2019	-99	-99	-99	-99	-99	-99	29.1	6.7	100	3	44.6	11	100	5
clear	blue	PILA60_14	PILA	6146	19312	531	-99	6000	3032	0	2019	-99	-99	-99	-99	-99	-99	17	6.6	100	2	26	3.9	100	5
clear	brown	PILA60_15	PILA	5662	19419	531	-99	6000	1376	0	2019	-99	-99	-99	-99	-99	-99	15	5.2	100	3	24.8	5.9	100	5
clear	brown	PILA60_15	PILA	5662	19419	531	-99	6000	3736	0	2019	-99	-99	-99	-99	-99	-99	7	4.2	20	0	13	3.7	5	5
clear	brown/clear	PILA60_16	PILA	8222	19272	533	-99	6000	1380	0	2019	2019	-99	-99	-99	-99	-99	-99	-99	0	-99	-99	-99	-99	-99
clear	brown/clear	PILA60_16	PILA	8222	19272	533	-99	6000	3237	0	2019	2019	-99	-99	-99	-99	-99	-99	-99	0	-99	-99	-99	-99	-99
clear	brown/clear	PILA60_16	PILA	8222	19272	533	-99	6000	3256	0	2019	2019	-99	-99	-99	-99	-99	-99	-99	-99	-99	-99	-99	-99	-99
clear	brown/clear	PILA60_16	PILA	8222	19272	533	-99	6000	1648	0	2019	-99	-99	-99	-99	-99	-99	26	7.3	100	3	20.2	8.6	50	5
clear	brown/clear	PILA60_16	PILA	8222	19272	533	-99	6000	3159	0	2019	-99	-99	-99	-99	-99	-99	18	6.8	100	5	32.4	8.7	100	5
clear	brown/clear	PILA60_16	PILA	8222	19272	533	-99	6000	3743	1	2019	-99	-99	-99	-99	-99	-99	20	5.1	100	3	29.2	7.4	100	5
clear	clear/brown	PILA60_16	PILA	8222	19272	533	-99	6000	3776	0	2019	2019	-99	-99	-99	-99	-99	-99	-99	-99	-99	-99	-99	-99	-99
clear	clear/brown	PILA60_16	PILA	8222	19272	533	-99	6000	1175	0	2019	-99	-99	-99	-99	-99	-99	20	6.6	100	2	32.6	10.1	100	5
clear	clear/brown	PILA60_16	PILA	8222	19272	533	-99	6000	1178	0	2019	-99	-99	-99	-99	-99	-99	17.5	6.5	90	3	30.2	13.3	100	5
clear	clear/pink	PILA60_17	PILA	6144	19310	531	-99	6000	1522	0	2019	2019	-99	-99	-99	-99	-99	-99	-99	-99	-99	-99	-99	-99	-99
clear	clear/pink	PILA60_17	PILA	6144	19310	531	-99	6000	3943	0	2019	2019	-99	-99	-99	-99	-99	-99	-99	-99	-99	-99	-99	-99	-99
clear	clear/pink	PILA60_17	PILA	6144	19310	531	-99	6000	3431	1	2019	2021	-99	-99	-99	-99	-99	18	5.8	100	3	-99	-99	-99	-99
clear	clear/purple	PILA60_18	PILA	5757	19279	533	-99	6000	1979	0	2019	2019	-99	-99	-99	-99	-99	-99	-99	-99	-99	-99	-99	-99	-99
clear	clear/purple	PILA60_18	PILA	5757	19279	533	-99	6000	3012	0	2019	2019	-99	-99	-99	-99	-99	-99	-99	-99	-99	-99	-99	-99	-99
clear	clear/purple	PILA60_18	PILA	5757	19279	533	-99	6000	3295	0	2019	2019	-99	-99	-99	-99	-99	-99	-99	0	-99	-99	-99	-99	-99
clear	clear/purple	PILA60_18	PILA	5757	19279	533	-99	6000	3317	0	2019	2019	-99	-99	-99	-99	-99	-99	-99	-99	-99	-99	-99	-99	-99
clear	clear/purple	PILA60_18	PILA	5757	19279	533	-99	6000	1174	0	2019	2021	-99	-99	-99	-99	-99	15.5	6.2	90	3	16	5.6	0	-99
clear	clear/purple	PILA60_18	PILA	5757	19279	533	-99	6000	3253	0	2019	2021	-99	-99	-99	-99	-99	22	5.3	100	3	21	4.4	0	5
clear	clear/purple	PILA60_18	PILA	5757	19279	533	-99	6000	3197	0	2019	2021	-99	-99	-99	-99	-99	22	4.9	80	2	25	5.4	0	5
clear	clear/purple	PILA60_18	PILA	5757	19279	533	-99	6000	1526	0	2019	-99	-99	-99	-99	-99	-99	13	5.2	80	3	-99	-99	-99	-99
clear	clear/purple	PILA60_18	PILA	5757	19279	533	-99	6000	3752	0	2019	-99	-99	-99	-99	-99	-99	24	5.1	100	3	-99	-99	-99	-99
clear	clear/purple	PILA60_18	PILA	5757	19279	533	-99	6000	3811	1	2019	-99	-99	-99	-99	-99	-99	20.5	6.5	100	3	15.2	9.7	100	5
clear	green	PILA60_19	PILA	5963	19422	531	-99	6000	3138	0	2019	2019	-99	-99	-99	-99	-99	-99	-99	-99	-99	-99	-99	-99	-99
clear	orange	PILA60_20	PILA	5782	19376	531	-99	6000	1359	0	2019	2019	-99	-99	-99	-99	-99	-99	-99	-99	-99	-99	-99	-99	-99
clear	orange	PILA60_20	PILA	5782	19376	531	-99	6000	3010	0	2019	2019	-99	-99	-99	-99	-99	-99	-99	0	-99	-99	-99	-99	-99
clear	orange	PILA60_20	PILA	5782	19376	531	-99	6000	3545	0	2019	-99	-99	-99	-99	-99	-99	13	3.7	30	0	-99	-99	-99	-99
clear	orange/clear	PILA60_21	PILA	8217	19263	533	-99	6000	1164	0	2019	2020	-99	-99	15	2.69	-99	-99	-99	0	-99	-99	-99	-99	-99
clear	orange/clear	PILA60_21	PILA	8217	19263	533	-99	6000	3137	0	2019	2019	-99	-99	-99	-99	-99	-99	-99	-99	-99	-99	-99	-99	-99
clear	orange/clear	PILA60_21	PILA	8217	19263	533	-99	6000	3413	0	2019	2019	-99	-99	-99	-99	-99	-99	-99	0	-99	-99	-99	-99	-99
clear	orange/clear	PILA60_21	PILA	8217	19263	533	-99	6000	3422	0	2019	2019	-99	-99	-99	-99	-99	-99	-99	-99	-99	-99	-99	-99	-99
clear	orange/clear	PILA60_21	PILA	8217	19263	533	-99	6000	1662	0	2019	2021	-99	-99	-99	-99	-99	16	4.6	80	3	-99	-99	-99	-99
clear	orange/clear	PILA60_21	PILA	8217	19263	533	-99	6000	3196	0	2019	-99	-99	-99	-99	-99	-99	-99	-99	-99	-99	24.4	11.9	10	5
clear	orange/clear	PILA60_21	PILA	8217	19263	533	-99	6000	1823	0	2019	-99	-99	-99	-99	-99	-99	19	6	90	3	-99	-99	-99	-99
clear	orange/clear	PILA60_21	PILA	8217	19263	533	-99	6000	1876	0	2019	-99	-99	-99	-99	-99	-99	18	5.2	90	3	24.4	8.3	100	5
clear	orange/clear	PILA60_21	PILA	8217	19263	533	-99	6000	3424	0	2019	-99	-99	-99	-99	-99	-99	24.2	6.4	85	3	31.6	7.6	50	5
clear	pink	PILA60_22	PILA	6144	19310	531	-99	6000	1523	0	2019	2019	-99	-99	-99	-99	-99	-99	-99	-99	-99	-99	-99	-99	-99
clear	pink	PILA60_22	PILA	6144	19310	531	-99	6000	1704	0	2019	2019	-99	-99	-99	-99	-99	-99	-99	-99	-99	-99	-99	-99	-99
clear	pink	PILA60_22	PILA	6144	19310	531	-99	6000	3219	0	2019	2019	-99	-99	-99	-99	-99	-99	-99	0	-99	-99	-99	-99	-99
clear	pink	PILA60_22	PILA	6144	19310	531	-99	6000	1819	0	2019	2021	-99	-99	-99	-99	-99	13.7	5.2	100	3	14	4.45	0	5
clear	pink	PILA60_22	PILA	6144	19310	531	-99	6000	1807	1	2019	-99	-99	-99	-99	-99	-99	17.5	4.9	80	3	23	5.9	100	5
clear	pink	PILA60_22	PILA	6144	19310	531	-99	6000	3586	1	2019	-99	-99	-99	-99	-99	-99	13	7.5	80	2	-99	-99	-99	-99
clear	pink/clear	PILA60_17	PILA	6144	19310	531	-99	6000	1347	0	2019	2019	-99	-99	-99	-99	-99	-99	-99	-99	-99	-99	-99	-99	-99
clear	pink/clear	PILA60_17	PILA	6144	19310	531	-99	6000	1708	0	2019	2019	-99	-99	-99	-99	-99	-99	-99	0	-99	-99	-99	-99	-99
clear	pink/clear	PILA60_17	PILA	6144	19310	531	-99	6000	3111	0	2019	2019	-99	-99	-99	-99	-99	-99	-99	-99	-99	-99	-99	-99	-99
clear	purple	PILA60_23	PILA	7060	19415	531	-99	6000	1545	0	2019	2019	-99	-99	-99	-99	-99	-99	-99	-99	-99	-99	-99	-99	-99
clear	purple	PILA60_23	PILA	7060	19415	531	-99	6000	1092	0	2019	-99	-99	-99	12.5	3.64	-99	9	5.7	100	3	14.2	8.3	100	5
clear	purple 	PILA60_23	PILA	7060	19415	531	-99	6000	3913	0	2019	-99	-99	-99	-99	-99	-99	12.5	8	100	3	17	8.2	80	5
clear	purple/clear	PILA60_24	PILA	5757	19279	533	-99	6000	1503	0	2019	2019	-99	-99	-99	-99	-99	-99	-99	-99	-99	-99	-99	-99	-99
clear	purple/clear	PILA60_24	PILA	5757	19279	533	-99	6000	3187	0	2019	2019	-99	-99	-99	-99	-99	-99	-99	0	-99	-99	-99	-99	-99
clear	purple/clear	PILA60_24	PILA	5757	19279	533	-99	6000	3146	0	2019	-99	-99	-99	-99	-99	-99	-99	-99	-99	-99	26.6	6.6	100	5
clear	purple/clear	PILA60_24	PILA	5757	19279	533	-99	6000	3599	0	2019	-99	-99	-99	-99	-99	-99	-99	-99	-99	-99	15	4.8	100	5
clear	purple/clear	PILA60_24	PILA	5757	19279	533	-99	6000	1787	0	2019	-99	-99	-99	-99	-99	-99	19	7.4	100	5	24	5.3	0	5
clear	purple/clear	PILA60_24	PILA	5757	19279	533	-99	6000	1953	1	2019	-99	-99	-99	-99	-99	-99	13	5.1	80	3	20.8	4.1	100	5
clear	purple/clear	PILA60_24	PILA	5757	19279	533	-99	6000	1989	0	2019	-99	-99	-99	-99	-99	-99	27.5	8.8	85	3	-99	-99	-99	-99
clear	purple/clear	PILA60_24	PILA	5757	19279	533	-99	6000	2188	0	2019	-99	-99	-99	-99	-99	-99	24	7.9	80	3	37.8	10.1	100	5
clear	purple/clear	PILA60_24	PILA	5757	19279	533	-99	6000	3770	1	2019	-99	-99	-99	-99	-99	-99	18	5.4	100	3	-99	-99	-99	-99
clear	purple/clear	PILA60_24	PILA	5757	19279	533	-99	6000	3778	0	2019	-99	-99	-99	-99	-99	-99	19.3	4.5	95	0	25.2	4.5	100	5
clear	yellow/clear	PILA60_25	PILA	8221	19271	533	-99	6000	3975	0	2019	2019	-99	-99	-99	-99	-99	-99	-99	0	-99	-99	-99	-99	-99
clear	yellow/clear	PILA60_25	PILA	8221	19271	533	-99	6000	1791	0	2019	2021	-99	-99	-99	-99	-99	16.2	4.1	100	3	-99	-99	-99	-99
clear 	clear/orange	PILA60_26	PILA	8217	19263	533	-99	6000	3217	0	2019	2019	-99	-99	-99	-99	-99	-99	-99	0	-99	-99	-99	-99	-99
clear 	clear/orange	PILA60_26	PILA	8217	19263	533	-99	6000	1975	0	2019	-99	-99	-99	-99	-99	-99	13	5	90	2	23	7.3	100	5
clear 	clear/orange	PILA60_26	PILA	8217	19263	533	-99	6000	3296	0	2019	-99	-99	-99	-99	-99	-99	16	6.7	100	3	-99	-99	-99	-99
clear 	green	PILA60_19	PILA	5963	19422	531	-99	6000	3854	0	2019	-99	-99	-99	-99	-99	-99	13	4.8	90	3	15.8	6.4	100	5
green	black	PILA45_1	PILA	7057	19408	531	-99	4500	1303	0	2019	2019	-99	-99	-99	-99	-99	-99	-99	0	-99	-99	-99	-99	-99
green	black	PILA45_1	PILA	7057	19408	531	-99	4500	1527	0	2019	2019	-99	-99	-99	-99	-99	-99	-99	0	-99	-99	-99	-99	-99
green	black	PILA45_1	PILA	7057	19408	531	-99	4500	3204	1	2019	2019	-99	-99	-99	-99	-99	-99	-99	-99	-99	-99	-99	-99	-99
green	black	PILA45_1	PILA	7057	19408	531	-99	4500	1322	0	2019	-99	-99	-99	-99	-99	-99	26.1	6.4	95	3	53.8	14	100	3
green	black	PILA45_1	PILA	7057	19408	531	-99	4500	1514	0	2019	-99	-99	-99	-99	-99	-99	21	7.1	80	3	23.8	5.9	50	5
green	black	PILA45_1	PILA	7057	19408	531	-99	4500	3576	1	2019	-99	-99	-99	-99	-99	-99	16	3.5	100	3	-99	-99	-99	-99
green	black	PILA45_1	PILA	7057	19408	531	-99	4500	3756	0	2019	-99	-99	-99	-99	-99	-99	19	4.6	100	3	20.6	5.6	35	5
green	blue	PILA45_2	PILA	8433	19303	531	-99	4500	1338	0	2019	-99	-99	-99	-99	-99	-99	34	9.3	100	3	-99	-99	-99	-99
green	blue	PILA45_2	PILA	8433	19303	531	-99	4500	1382	0	2019	-99	-99	-99	-99	-99	-99	35	13.2	100	5	-99	-99	-99	-99
green	blue	PILA45_2	PILA	8433	19303	531	-99	4500	3200	0	2019	-99	-99	-99	-99	-99	-99	14.7	6.8	80	3	-99	-99	-99	-99
green	blue	PILA45_2	PILA	8433	19303	531	-99	4500	3302	0	2019	-99	-99	-99	-99	-99	-99	22	6	100	3	-99	-99	-99	-99
green	blue	PILA45_2	PILA	8433	19303	531	-99	4500	3307	0	2019	-99	-99	-99	-99	-99	-99	34	7.6	100	3	46.8	11.9	100	5
green	blue	PILA45_2	PILA	8433	19303	531	-99	4500	3476	0	2019	-99	-99	-99	-99	-99	-99	27.5	8.7	90	3	53.2	12.4	100	5
green	blue	PILA45_2	PILA	8433	19303	531	-99	4500	3989	0	2019	-99	-99	-99	-99	-99	-99	17	11.9	80	3	-99	-99	-99	-99
green	brown	PILA45_3	PILA	6264	19410	531	-99	4500	1358	0	2019	2019	-99	-99	-99	-99	-99	-99	-99	-99	-99	-99	-99	-99	-99
green	brown	PILA45_3	PILA	6264	19410	531	-99	4500	1542	0	2019	2019	-99	-99	-99	-99	-99	-99	-99	0	-99	-99	-99	-99	-99
green	brown	PILA45_3	PILA	6264	19410	531	-99	4500	3790	0	2019	2019	-99	-99	-99	-99	-99	-99	-99	-99	-99	-99	-99	-99	-99
green	brown	PILA45_3	PILA	6264	19410	531	-99	4500	1872	0	2019	-99	-99	-99	-99	-99	-99	-99	-99	-99	-99	20.6	5.8	5	5
green	clear	PILA45_4	PILA	6036	19427	531	-99	4500	1995	0	2019	2019	-99	-99	-99	-99	-99	-99	-99	-99	-99	-99	-99	-99	-99
green	clear	PILA45_4	PILA	6036	19427	531	-99	4500	3845	0	2019	2019	-99	-99	-99	-99	-99	-99	-99	-99	-99	-99	-99	-99	-99
green	clear	PILA45_4	PILA	6036	19427	531	-99	4500	3880	0	2019	2019	-99	-99	-99	-99	-99	-99	-99	-99	-99	-99	-99	-99	-99
green	clear	PILA45_4	PILA	6036	19427	531	-99	4500	3150	0	2019	-99	-99	-99	-99	-99	-99	23	7.7	90	5	44.4	12.9	100	5
green	clear	PILA45_4	PILA	6036	19427	531	-99	4500	3407	1	2019	-99	-99	-99	-99	-99	-99	28	9.1	100	3	37.8	11.4	85	5
green	green	PILA45_5	PILA	8245	19447	531	-99	4500	1540	0	2019	2019	-99	-99	-99	-99	-99	-99	-99	-99	-99	-99	-99	-99	-99
green	green	PILA45_5	PILA	8245	19447	531	-99	4500	3430	0	2019	2021	-99	-99	-99	-99	-99	13.5	5.5	60	3	13	4	0	5
green	green	PILA45_5	PILA	8245	19447	531	-99	4500	1516	0	2019	-99	-99	-99	-99	-99	-99	12	4	100	2	17	4.6	100	5
green	orange	PILA45_6	PILA	8434	19320	531	-99	4500	3147	0	2019	2019	-99	-99	-99	-99	-99	-99	-99	-99	-99	-99	-99	-99	-99
green	orange	PILA45_6	PILA	8434	19320	531	-99	4500	3546	0	2019	2019	-99	-99	-99	-99	-99	-99	-99	0	-99	-99	-99	-99	-99
green	orange	PILA45_6	PILA	8434	19320	531	-99	4500	1994	1	2019	2021	-99	-99	-99	-99	-99	20	6.4	60	3	21	4.5	0	5
green	orange	PILA45_6	PILA	8434	19320	531	-99	4500	1508	0	2019	-99	-99	-99	-99	-99	-99	22.5	8	100	3	30.4	15	100	5
green	orange	PILA45_6	PILA	8434	19320	531	-99	4500	1742	0	2019	-99	-99	-99	-99	-99	-99	18.5	10	85	3	32	13.2	100	3
green	orange	PILA45_6	PILA	8434	19320	531	-99	4500	3822	0	2019	-99	-99	-99	-99	-99	-99	-99	-99	-99	-99	25.2	11.8	100	5
green	pink	PILA45_7	PILA	6263	19304	531	-99	4500	3487	0	2019	2019	-99	-99	-99	-99	-99	-99	-99	-99	-99	-99	-99	-99	-99
green	pink	PILA45_7	PILA	6263	19304	531	-99	4500	1541	0	2019	-99	-99	-99	-99	-99	-99	16.5	5.8	90	3	-99	-99	-99	-99
green	pink	PILA45_7	PILA	6263	19304	531	-99	4500	3769	0	2019	-99	-99	-99	-99	-99	-99	19	5.7	100	3	28.6	8.8	100	5
green	purple	PILA45_8	PILA	8435	19328	531	-99	4500	1188	0	2019	2019	-99	-99	-99	-99	-99	-99	-99	0	-99	-99	-99	-99	-99
green	purple	PILA45_8	PILA	8435	19328	531	-99	4500	3833	0	2019	2019	-99	-99	-99	-99	-99	-99	-99	-99	-99	-99	-99	-99	-99
green	purple	PILA45_8	PILA	8435	19328	531	-99	4500	3044	0	2019	-99	-99	-99	-99	-99	-99	32	10.2	100	3	-99	-99	-99	-99
green	purple	PILA45_8	PILA	8435	19328	531	-99	4500	3952	0	2019	-99	-99	-99	-99	-99	-99	25	9.6	100	3	33.4	9.2	100	5
green	yellow	PILA45_1	PILA	8437	19352	531	-99	4500	3405	0	2019	2019	-99	-99	-99	-99	-99	-99	-99	0	-99	-99	-99	-99	-99
green	yellow	PILA45_1	PILA	8437	19352	531	-99	4500	1323	1	2019	-99	-99	-99	-99	-99	-99	20	6.6	100	3	29	9	100	5
green	yellow	PILA45_1	PILA	8437	19352	531	-99	4500	3709	0	2019	-99	-99	-99	-99	-99	-99	24	4.9	100	3	27.4	6.8	100	5
green	yellow	PILA45_1	PILA	8437	19352	531	-99	4500	3954	0	2019	-99	-99	-99	-99	-99	-99	22	5.5	80	3	30.8	7.6	100	5
orange	blue	PILA55_2	PILA	8232	19200	532	-99	5500	1547	0	2019	2019	-99	-99	-99	-99	-99	-99	-99	-99	-99	-99	-99	-99	-99
orange	blue	PILA55_2	PILA	8232	19200	532	-99	5500	1148	1	2019	-99	-99	-99	12	2.75	-99	18	4.9	100	3	-99	-99	-99	-99
orange	blue	PILA55_2	PILA	8232	19200	532	-99	5500	1671	0	2019	-99	-99	-99	-99	-99	-99	13.2	5.7	80	3	15.8	5.4	25	5
orange	blue	PILA55_2	PILA	8232	19200	532	-99	5500	3254	0	2019	-99	-99	-99	-99	-99	-99	14.5	4.7	95	3	-99	-99	-99	-99
orange	blue	PILA55_2	PILA	8232	19200	532	-99	5500	3531	1	2019	-99	-99	-99	-99	-99	-99	17	8.1	90	3	-99	-99	-99	-99
orange	blue	PILA55_2	PILA	8232	19200	532	-99	5500	3787	1	2019	-99	-99	-99	-99	-99	-99	21	4.9	100	3	-99	-99	-99	-99
orange	blue	PILA55_2	PILA	8232	19200	532	-99	5500	3852	0	2019	-99	-99	-99	-99	-99	-99	13	5.9	80	3	-99	-99	-99	-99
orange	blue	PILA55_2	PILA	8232	19200	532	-99	5500	3891	0	2019	-99	-99	-99	-99	-99	-99	19	6.7	90	3	-99	-99	-99	-99
orange	brown	PILA55_3	PILA	8230	19975	532	-99	5500	3749	1	2019	2021	-99	-99	-99	-99	-99	19	5.1	100	2	-99	-99	-99	-99
orange	brown	PILA55_3	PILA	8230	19975	532	-99	5500	1840	0	2019	-99	-99	-99	-99	-99	-99	11	3.5	70	0	-99	-99	-99	-99
orange	brown	PILA55_3	PILA	8230	19975	532	-99	5500	1902	1	2019	-99	-99	-99	-99	-99	-99	11.5	4.2	100	2	18	4	90	5
orange	brown	PILA55_3	PILA	8230	19975	532	-99	5500	3526	0	2019	-99	-99	-99	-99	-99	-99	18	4.5	100	3	20.4	6	100	5
orange	brown	PILA55_3	PILA	8230	19975	532	-99	5500	3846	0	2019	-99	-99	-99	-99	-99	-99	21	8	100	3	-99	-99	-99	-99
orange	clear	PILA55_4	PILA	8233	19186	532	-99	5500	1897	0	2019	2019	-99	-99	-99	-99	-99	-99	-99	-99	-99	-99	-99	-99	-99
orange	clear	PILA55_4	PILA	8233	19186	532	-99	5500	3112	1	2019	2019	-99	-99	-99	-99	-99	-99	-99	-99	-99	-99	-99	-99	-99
orange	clear	PILA55_4	PILA	8233	19186	532	-99	5500	3446	0	2019	2019	-99	-99	-99	-99	-99	-99	-99	-99	-99	-99	-99	-99	-99
orange	clear	PILA55_4	PILA	8233	19186	532	-99	5500	1094	1	2019	-99	-99	-99	19	4.43	-99	27.5	7.8	100	3	38.6	9.7	100	5
orange	clear	PILA55_4	PILA	8233	19186	532	-99	5500	1337	1	2019	-99	-99	-99	-99	-99	-99	21.5	7.2	100	3	50.2	12.5	100	3
orange	clear	PILA55_4	PILA	8233	19186	532	-99	5500	3203	0	2019	-99	-99	-99	-99	-99	-99	20	6	100	3	-99	-99	-99	-99
orange	clear	PILA55_4	PILA	8233	19186	532	-99	5500	3959	0	2019	-99	-99	-99	-99	-99	-99	19	6.7	90	3	-99	-99	-99	-99
orange	green	PILA55_5	PILA	7528	19176	532	-99	5500	1357	0	2019	2019	-99	-99	-99	-99	-99	-99	-99	-99	-99	-99	-99	-99	-99
orange	green	PILA55_5	PILA	7528	19176	532	-99	5500	3383	0	2019	2019	-99	-99	-99	-99	-99	-99	-99	-99	-99	-99	-99	-99	-99
orange	green	PILA55_5	PILA	7528	19176	532	-99	5500	3872	0	2019	2019	-99	-99	-99	-99	-99	-99	-99	-99	-99	-99	-99	-99	-99
orange	green	PILA55_5	PILA	7528	19176	532	-99	5500	1767	0	2019	2021	-99	-99	-99	-99	-99	20.2	7.7	100	3	20	7.5	0	5
orange	green	PILA55_5	PILA	7528	19176	532	-99	5500	1399	0	2019	-99	-99	-99	-99	-99	-99	19	4.7	100	3	17.2	5.9	100	5
orange	green	PILA55_5	PILA	7528	19176	532	-99	5500	3348	0	2019	-99	-99	-99	-99	-99	-99	25	9.4	90	3	41.4	12.8	100	5
orange	purple	PILA55_6	PILA	7529	19177	532	-99	5500	3285	0	2019	2019	-99	-99	-99	-99	-99	-99	-99	-99	-99	-99	-99	-99	-99
orange	purple	PILA55_6	PILA	7529	19177	532	-99	5500	1878	0	2019	-99	-99	-99	-99	-99	-99	36	9.8	100	3	-99	-99	-99	-99
orange	purple	PILA55_6	PILA	7529	19177	532	-99	5500	1939	0	2019	-99	-99	-99	-99	-99	-99	7.5	2.9	100	0	13	3.3	65	5
orange	purple	PILA55_6	PILA	7529	19177	532	-99	5500	3311	0	2019	-99	-99	-99	-99	-99	-99	15.2	6	85	3	23	8.9	100	5
orange	red	PILA55_7	PILA	8226	19173	532	-99	5500	1941	0	2019	2019	-99	-99	-99	-99	-99	-99	-99	-99	-99	-99	-99	-99	-99
orange	red	PILA55_7	PILA	8226	19173	532	-99	5500	3048	0	2019	-99	-99	-99	-99	-99	-99	51	17.1	100	5	-99	-99	-99	-99
orange	red	PILA55_7	PILA	8226	19173	532	-99	5500	1306	1	2019	-99	-99	-99	-99	-99	-99	17	6.4	85	3	20.4	7.1	100	5
orange	red	PILA55_7	PILA	8226	19173	532	-99	5500	3276	0	2019	-99	-99	-99	-99	-99	-99	10.5	6	30	0	17	5.3	90	5
orange	red	PILA55_7	PILA	8226	19173	532	-99	5500	3745	0	2019	-99	-99	-99	-99	-99	-99	17.2	5.7	90	3	-99	-99	-99	-99
orange	clear	PILA55_4	PILA	8233	19186	532	-99	5500	3165	0	2019	2019	-99	-99	-99	-99	-99	-99	-99	-99	-99	-99	-99	-99	-99
orange	yellow	PILA55_8	PILA	7532	19211	532	-99	5500	3255	0	2019	2019	-99	-99	-99	-99	-99	-99	-99	-99	-99	-99	-99	-99	-99
orange	yellow	PILA55_8	PILA	7532	19211	532	-99	5500	3755	0	2019	2019	-99	-99	-99	-99	-99	-99	-99	0	-99	-99	-99	-99	-99
orange	yellow	PILA55_8	PILA	7532	19211	532	-99	5500	3894	0	2019	2019	-99	-99	-99	-99	-99	-99	-99	-99	-99	-99	-99	-99	-99
orange	yellow	PILA55_8	PILA	7532	19211	532	-99	5500	3272	0	2019	2021	-99	-99	-99	-99	-99	11	3.5	70	0	14	3.4	0	5
orange	yellow	PILA55_8	PILA	7532	19211	532	-99	5500	3293	0	2019	-99	-99	-99	-99	-99	-99	7	3	100	0	-99	-99	-99	-99
orange	yellow	PILA55_8	PILA	7532	19211	532	-99	5500	3911	0	2019	-99	-99	-99	-99	-99	-99	8	1.9	30	0	11.6	3.1	25	5
orange	yellow	PILA55_8	PILA	7532	19211	532	-99	5500	3972	1	2019	-99	-99	-99	-99	-99	-99	14.5	6	80	3	-99	-99	-99	-99
orange 	yellow	PILA55_8	PILA	7532	19211	532	-99	5500	3463	1	2019	-99	-99	-99	-99	-99	-99	17	5.3	100	3	21.4	5.7	50	5
pink	black	PILA50_14	PILA	6679	19534	526	-99	5000	1189	0	2019	2019	-99	-99	-99	-99	-99	-99	-99	0	-99	-99	-99	-99	-99
pink	black	PILA50_14	PILA	6679	19534	526	-99	5000	1389	0	2019	2019	-99	-99	-99	-99	-99	-99	-99	-99	-99	-99	-99	-99	-99
pink	black	PILA50_14	PILA	6679	19534	526	-99	5000	3318	0	2019	2019	-99	-99	-99	-99	-99	-99	-99	0	-99	-99	-99	-99	-99
pink	black	PILA50_14	PILA	6679	19534	526	-99	5000	3378	0	2019	2019	-99	-99	-99	-99	-99	-99	-99	-99	-99	-99	-99	-99	-99
pink	black	PILA50_14	PILA	6679	19534	526	-99	5000	3496	0	2019	2019	-99	-99	-99	-99	-99	-99	-99	0	-99	-99	-99	-99	-99
pink	black	PILA50_14	PILA	6679	19534	526	-99	5000	3803	0	2019	2021	-99	-99	-99	-99	-99	19	6.5	100	3	24.8	7.9	0	5
pink	black	PILA50_14	PILA	6679	19534	526	-99	5000	3186	0	2019	2021	-99	-99	-99	-99	-99	19.5	6.1	80	3	21.8	4.9	0	-99
pink	black	PILA50_14	PILA	6679	19534	526	-99	5000	1093	0	2019	-99	-99	-99	19	3.61	-99	23	6.7	80	3	31.2	7.2	100	5
pink	black	PILA50_14	PILA	6679	19534	526	-99	5000	1655	0	2019	-99	-99	-99	-99	-99	-99	19.5	5.8	85	3	26	9.6	95	5
pink	black	PILA50_14	PILA	6679	19534	526	-99	5000	3002	0	2019	-99	-99	-99	-99	-99	-99	20	6.2	80	3	26.8	11.1	100	5
pink	black	PILA50_14	PILA	6679	19534	526	-99	5000	3557	0	2019	-99	-99	-99	-99	-99	-99	14.5	8.3	90	2	22	19.3	70	5
pink	black	PILA50_14	PILA	6679	19534	526	-99	5000	3578	0	2019	-99	-99	-99	-99	-99	-99	21	6.2	100	3	22	7	100	5
pink	black	PILA50_14	PILA	6679	19534	526	-99	5000	3759	0	2019	-99	-99	-99	-99	-99	-99	21	6.4	100	3	-99	-99	-99	-99
pink	blue	PILA50_15	PILA	5942	19531	526	-99	5000	1849	0	2019	2019	-99	-99	-99	-99	-99	-99	-99	-99	-99	-99	-99	-99	-99
pink	blue	PILA50_15	PILA	5942	19531	526	-99	5000	3224	0	2019	2019	-99	-99	-99	-99	-99	-99	-99	-99	-99	-99	-99	-99	-99
pink	blue	PILA50_15	PILA	5942	19531	526	-99	5000	3401	0	2019	2019	-99	-99	-99	-99	-99	-99	-99	0	-99	-99	-99	-99	-99
pink	blue	PILA50_15	PILA	5942	19531	526	-99	5000	3145	0	2019	2021	-99	-99	-99	-99	-99	18	5.4	80	3	22	4.7	0	5
pink	blue	PILA50_15	PILA	5942	19531	526	-99	5000	3729	1	2019	2021	-99	-99	-99	-99	-99	26.5	5	60	2	26	4	0	5
pink	blue	PILA50_15	PILA	5942	19531	526	-99	5000	1304	0	2019	-99	-99	-99	-99	-99	-99	-99	-99	0	-99	38.8	12.7	100	5
pink	blue	PILA50_15	PILA	5942	19531	526	-99	5000	1763	0	2019	-99	-99	-99	-99	-99	-99	19	6.9	70	3	30	9.1	100	5
pink	blue	PILA50_15	PILA	5942	19531	526	-99	5000	1936	1	2019	-99	-99	-99	-99	-99	-99	25	5.6	100	3	-99	-99	-99	-99
pink	blue	PILA50_15	PILA	5942	19531	526	-99	5000	3284	1	2019	-99	-99	-99	-99	-99	-99	21	8.1	80	3	-99	-99	-99	-99
pink	blue	PILA50_15	PILA	5942	19531	526	-99	5000	3319	0	2019	-99	-99	-99	-99	-99	-99	24	6.3	100	3	24	9.2	90	5
pink	blue	PILA50_15	PILA	5942	19531	526	-99	5000	3556	0	2019	-99	-99	-99	-99	-99	-99	17.5	6.9	90	3	-99	-99	-99	-99
pink	blue	PILA50_15	PILA	5942	19531	526	-99	5000	3746	0	2019	-99	-99	-99	-99	-99	-99	28	5.9	100	3	32.2	9.2	100	5
pink	blue	PILA50_15	PILA	5942	19531	526	-99	5000	3789	0	2019	-99	-99	-99	-99	-99	-99	23.6	7.3	100	3	-99	-99	-99	-99
pink	blue	PILA50_15	PILA	5942	19531	526	-99	5000	3830	1	2019	-99	-99	-99	-99	-99	-99	14.5	6	80	3	20	8.8	100	5
pink	blue	PILA50_15	PILA	5942	19531	526	-99	5000	3945	0	2019	-99	-99	-99	-99	-99	-99	24.5	7	80	3	25	7.7	100	5
pink	clear	PILA50_16	PILA	5942	19531	526	-99	5000	1361	0	2019	2019	-99	-99	-99	-99	-99	-99	-99	0	-99	-99	-99	-99	-99
pink	clear	PILA50_16	PILA	5942	19531	526	-99	5000	1606	0	2019	2019	-99	-99	-99	-99	-99	-99	-99	-99	-99	-99	-99	-99	-99
pink	clear	PILA50_16	PILA	5942	19531	526	-99	5000	1724	0	2019	2021	-99	-99	-99	-99	-99	20.5	4.7	80	3	23	4.1	0	5
pink	clear	PILA50_16	PILA	5942	19531	526	-99	5000	1162	0	2019	-99	-99	-99	18.5	3.22	-99	14	6.7	100	3	21.2	7.9	100	5
pink	clear	PILA50_16	PILA	8587	19568	526	-99	5000	1806	0	2019	-99	-99	-99	-99	-99	-99	19.2	8.3	100	3	26	7.7	90	5
pink	clear	PILA50_16	PILA	8587	19568	526	-99	5000	3341	0	2019	-99	-99	-99	-99	-99	-99	12	6.5	100	2	-99	-99	-99	-99
purple	black	PILA75_1	PILA	7646	20842	997	-99	7500	3978	1	2019	2021	-99	-99	-99	-99	-99	16.3	5.1	90	3	18	6.2	0	5
purple	black	PILA75_1	PILA 	7646	20842	997	-99	7500	3230	0	2019	-99	-99	-99	-99	-99	-99	9	3.2	100	0	-99	-99	-99	-99
purple	blue	PILA75_1	PILA	7644	20840	997	-99	7500	1596	0	2019	2019	-99	-99	-99	-99	-99	-99	-99	-99	-99	-99	-99	-99	-99
purple	blue	PILA75_2	PILA	7644	20840	997	-99	7500	3742	0	2019	-99	-99	-99	-99	-99	-99	-99	-99	-99	-99	15.4	12.1	100	5
purple	clear	PILA75_3	PILA	7645	20841	997	-99	7500	1386	0	2019	2019	-99	-99	-99	-99	-99	-99	-99	-99	-99	-99	-99	-99	-99
purple	clear	PILA75_3	PILA	7645	20841	997	-99	7500	1341	1	2019	-99	-99	-99	-99	-99	-99	13.2	4.2	100	3	-99	-99	-99	-99
purple	clear	PILA75_3	PILA	7645	20841	997	-99	7500	1777	0	2019	-99	-99	-99	-99	-99	-99	11	5.2	50	2	-99	-99	-99	-99
purple	green	PILA75_4	PILA	7670	20833	997	-99	7500	3791	0	2019	2019	-99	-99	-99	-99	-99	-99	-99	-99	-99	-99	-99	-99	-99
purple	green	PILA75_4	PILA	7670	20833	997	-99	7500	1515	1	2019	-99	-99	-99	-99	-99	-99	12.9	7.6	100	3	13.8	6.1	100	5
purple	orange	PILA75_5	PILA	7643	20839	997	-99	7500	1328	0	2019	2019	-99	-99	-99	-99	-99	-99	-99	-99	-99	-99	-99	-99	-99
purple	orange	PILA75_5	PILA	7643	20839	997	-99	7500	1768	0	2019	2019	-99	-99	-99	-99	-99	-99	-99	-99	-99	-99	-99	-99	-99
purple	orange	PILA75_5	PILA	7643	20839	997	-99	7500	1797	0	2019	-99	-99	-99	-99	-99	-99	12	5	100	3	15	5.4	100	5
purple	orange	PILA75_5	PILA	7643	20839	997	-99	7500	3166	0	2019	-99	-99	-99	-99	-99	-99	14	5.7	80	3	17.6	4.7	50	5
purple	orange	PILA75_5	PILA	7643	20839	997	-99	7500	3812	1	2019	-99	-99	-99	-99	-99	-99	10	5	90	2	-99	-99	-99	-99
purple	red	PILA75_6	PILA	7641	20832	997	-99	7500	3064	0	2019	2019	-99	-99	-99	-99	-99	-99	-99	-99	-99	-99	-99	-99	-99
purple	red	PILA75_6	PILA	7641	20832	997	-99	7500	3083	0	2019	-99	-99	-99	-99	-99	-99	12.5	7.2	80	3	22	8.3	75	5
purple	yellow	PILA75_7	PILA	7254	20533	997	-99	7500	3554	0	2019	2019	-99	-99	-99	-99	-99	-99	-99	0	-99	-99	-99	-99	-99
red	black	PILA55_9	PILA	6166	7576	531	-99	5500	1820	0	2019	-99	-99	-99	-99	-99	-99	-99	-99	-99	-99	35	9.7	100	5
red	black	PILA55_9	PILA	6166	7576	531	-99	5500	1373	0	2019	-99	-99	-99	-99	-99	-99	-99	-99	-99	-99	38.4	11.5	100	5
red	black	PILA55_9	PILA	6166	7576	531	-99	5500	1605	0	2019	-99	-99	-99	-99	-99	-99	27	6.7	100	3	-99	-99	-99	-99
red	black	PILA55_9	PILA	6166	7576	531	-99	5500	3533	0	2019	-99	-99	-99	-99	-99	-99	14.7	4.1	30	0	19.2	4.5	25	5
red	blue	PILA55_10	PILA	7603	19437	531	-99	5500	1321	0	2019	2019	-99	-99	-99	-99	-99	-99	-99	0	-99	-99	-99	-99	-99
red	blue	PILA55_10	PILA	7603	19437	531	-99	5500	1919	0	2019	2019	-99	-99	-99	-99	-99	-99	-99	-99	-99	-99	-99	-99	-99
red	blue	PILA55_10	PILA	7603	19437	531	-99	5500	3320	0	2019	2019	-99	-99	-99	-99	-99	-99	-99	0	-99	-99	-99	-99	-99
red	blue	PILA55_10	PILA	7603	19437	531	-99	5500	3541	0	2019	-99	-99	-99	-99	-99	-99	-99	-99	-99	-99	18	4.2	60	5
red	brown	PILA55_11	PILA	6766	19437	531	-99	5500	1726	0	2019	2019	-99	-99	-99	-99	-99	-99	-99	0	-99	-99	-99	-99	-99
red	brown	PILA55_11	PILA	6766	19437	531	-99	5500	3016	0	2019	-99	-99	-99	-99	-99	-99	18	7.3	90	3	29.2	7.3	25	5
red	brown	PILA55_11	PILA	6766	19437	531	-99	5500	3249	0	2019	-99	-99	-99	-99	-99	-99	15.1	6.4	90	3	-99	-99	-99	-99
red	brown	PILA55_11	PILA	6766	19437	531	-99	5500	3904	0	2019	-99	-99	-99	-99	-99	-99	21	8	90	3	-99	-99	-99	-99
red	clear	PILA55_12	PILA	6421	7900	531	-99	5500	3581	0	2019	2019	-99	-99	-99	-99	-99	-99	-99	-99	-99	-99	-99	-99	-99
red	clear	PILA55_12	PILA	6421	7900	531	-99	5500	3889	0	2019	2019	-99	-99	-99	-99	-99	-99	-99	-99	-99	-99	-99	-99	-99
red	clear	PILA55_12	PILA	6421	7900	531	-99	5500	1184	0	2019	-99	-99	-99	-99	-99	-99	9	3.8	90	3	15.6	7	100	5
red	clear	PILA55_12	PILA	6421	7900	531	-99	5500	1923	1	2019	-99	-99	-99	-99	-99	-99	10.2	4.5	80	2	-99	-99	-99	-99
red	clear	PILA55_12	PILA	6421	7900	531	-99	5500	3290	1	2019	-99	-99	-99	-99	-99	-99	15	5.9	100	3	18.2	5.4	50	5
red	clear/yellow	PILA55_13	PILA	6151	19349	531	-99	5500	3328	0	2019	2021	-99	-99	-99	-99	-99	-99	-99	-99	-99	23	6.1	0	5
red	clear/yellow	PILA55_13	PILA	6151	19349	531	-99	5500	3583	0	2019	2021	-99	-99	-99	-99	-99	19	4.5	85	3	18.2	4.6	0	5
red	green	PILA55_14	PILA	6171	7577	531	-99	5500	3108	0	2019	2021	-99	-99	-99	-99	-99	17.4	5.6	85	3	25	6.3	0	5
red	green	PILA55_14	PILA	6171	7577	531	-99	5500	1364	0	2019	-99	-99	-99	-99	-99	-99	12.5	6.2	100	3	-99	-99	-99	-99
red	green	PILA55_14	PILA	6171	7577	531	-99	5500	1978	0	2019	-99	-99	-99	-99	-99	-99	16	4.7	70	3	18.4	6.8	25	5
red	orange	PILA55_15	PILA	5193	19379	531	-99	5500	3836	0	2019	2019	-99	-99	-99	-99	-99	-99	-99	-99	-99	-99	-99	-99	-99
red	orange	PILA55_15	PILA	5193	19379	531	-99	5500	3192	0	2019	2021	-99	-99	-99	-99	-99	17.5	9.3	80	3	22	6.5	0	5
red	orange	PILA55_15	PILA	5193	19379	531	-99	5500	3325	0	2019	-99	-99	-99	-99	-99	-99	16	5.5	80	3	-99	-99	-99	-99
red	orange	PILA55_15	PILA	5193	19379	531	-99	5500	3783	1	2019	-99	-99	-99	-99	-99	-99	23	6	100	3	41.8	11.3	100	5
red	orange	PILA55_15	PILA	5193	19379	531	-99	5500	3793	0	2019	-99	-99	-99	-99	-99	-99	22	6.5	60	2	32.8	8.7	75	5
red	orange	PILA55_15	PILA	5193	19379	531	-99	5500	3917	1	2019	-99	-99	-99	-99	-99	-99	15.5	6.9	85	3	22.2	7.7	100	5
red	orange	PILA55_15	PILA	5193	19379	531	-99	5500	3951	0	2019	-99	-99	-99	-99	-99	-99	17	6.4	75	3	27.4	8.8	75	5
red	pink	PILA55_16	PILA	6405	19370	531	-99	5500	3703	0	2019	-99	-99	-99	-99	-99	-99	-99	-99	-99	-99	44	14.6	100	5
red	pink	PILA55_16	PILA	6405	19370	531	-99	5500	2791	0	2019	-99	-99	-99	-99	-99	-99	19.5	6	70	3	-99	-99	-99	-99
red	pink	PILA55_16	PILA	6405	19370	531	-99	5500	3269	0	2019	-99	-99	-99	-99	-99	-99	15	7.1	90	3	23.2	12.2	100	5
red	pink	PILA55_16	PILA	6405	19370	531	-99	5500	3375	0	2019	-99	-99	-99	-99	-99	-99	26	6.4	100	3	38	10.4	100	5
red	pink	PILA55_16	PILA	6405	19370	531	-99	5500	3501	0	2019	-99	-99	-99	-99	-99	-99	23	5.7	100	3	25.2	7.7	75	5
red	pink	PILA55_16	PILA	6405	19370	531	-99	5500	3524	0	2019	-99	-99	-99	-99	-99	-99	14	5.1	80	3	-99	-99	-99	-99
red	pink	PILA55_16	PILA	6405	19370	531	-99	5500	3829	0	2019	-99	-99	-99	-99	-99	-99	18	4.9	80	3	25.4	8.1	100	5
red	pink	PILA55_16	PILA	6405	19370	531	-99	5500	3882	0	2019	-99	-99	-99	-99	-99	-99	22	6.3	100	3	28.2	9.3	100	5
red	purple	PILA55_17	PILA	6165	7555	531	-99	5500	1617	0	2019	2019	-99	-99	-99	-99	-99	-99	-99	-99	-99	-99	-99	-99	-99
red	purple	PILA55_17	PILA	6165	7555	531	-99	5500	1391	0	2019	-99	-99	-99	-99	-99	-99	32	6.7	100	3	37	10.6	100	3
red	purple	PILA55_17	PILA	6165	7555	531	-99	5500	3562	0	2019	-99	-99	-99	-99	-99	-99	19	6.2	100	3	-99	-99	-99	-99
red	purple	PILA55_17	PILA	6165	7555	531	-99	5500	3998	0	2019	-99	-99	-99	-99	-99	-99	20	6	70	3	27.8	9.2	100	5
red	yellow	PILA55_18	PILA	6156	19416	531	-99	5500	1343	0	2019	2019	-99	-99	-99	-99	-99	-99	-99	-99	-99	-99	-99	-99	-99
red	yellow	PILA55_18	PILA	6156	19416	531	-99	5500	1714	0	2019	2021	-99	-99	-99	-99	-99	20	5.6	30	0	23.4	5	0	5
red	yellow	PILA55_18	PILA	6156	19416	531	-99	5500	3418	1	2019	2021	-99	-99	-99	-99	-99	12.5	4.7	70	3	-99	-99	-99	-99
red	yellow	PILA55_18	PILA	6156	19416	531	-99	5500	3473	0	2019	2021	-99	-99	-99	-99	-99	8	5.4	30	0	-99	-99	-99	-99
red	yellow	PILA55_18	PILA	6156	19416	531	-99	5500	3389	0	2019	-99	-99	-99	-99	-99	-99	-99	-99	-99	-99	22	8	80	5
red	yellow	PILA55_18	PILA	6156	19416	531	-99	5500	3384	0	2019	-99	-99	-99	-99	-99	-99	19	5.8	100	3	23.2	9.7	100	5
red 	blue/orange	PILA55_19	PILA	6149	19333	531	-99	5500	1964	0	2019	-99	-99	-99	-99	-99	-99	21	6.5	0	3	-99	-99	-99	-99
red 	orange/blue	PILA55_19	PILA	6149	19333	531	-99	5500	3965	0	2019	-99	-99	-99	-99	-99	-99	24	4.6	100	3	-99	-99	-99	-99
white	brown/white	PILA60_27	PILA	8222	19272	533	-99	6000	3462	1	2019	-99	-99	-99	-99	-99	-99	19	5.8	100	3	-99	-99	-99	-99
yellow	black	PILA55_20	PILA	8161	19461	526	-99	5500	1524	0	2019	2019	-99	-99	-99	-99	-99	-99	-99	0	-99	-99	-99	-99	-99
yellow	black	PILA55_20	PILA	8161	19461	526	-99	5500	3226	0	2019	2019	-99	-99	-99	-99	-99	-99	-99	-99	-99	-99	-99	-99	-99
yellow	black	PILA55_20	PILA	8161	19461	526	-99	5500	3411	0	2019	2019	-99	-99	-99	-99	-99	-99	-99	-99	-99	-99	-99	-99	-99
yellow	black	PILA55_20	PILA	8161	19461	526	-99	5500	3261	0	2019	-99	-99	-99	-99	-99	-99	18	6.5	90	3	36.8	10.1	100	3
yellow	black	PILA55_20	PILA	8161	19461	526	-99	5500	3282	0	2019	-99	-99	-99	-99	-99	-99	-99	-99	-99	-99	29.4	14.3	100	5
yellow	black	PILA55_20	PILA	8161	19461	526	-99	5500	3470	0	2019	-99	-99	-99	-99	-99	-99	15	5.2	100	3	-99	-99	-99	-99
yellow	blue	PILA55_21	PILA	8164	19522	526	-99	5500	3710	0	2019	2019	-99	-99	-99	-99	-99	-99	-99	0	-99	-99	-99	-99	-99
yellow	blue	PILA55_21	PILA	8164	19522	526	-99	5500	3733	0	2019	2019	-99	-99	-99	-99	-99	-99	-99	-99	-99	-99	-99	-99	-99
yellow	blue	PILA55_21	PILA	8164	19522	526	-99	5500	3832	0	2019	2019	-99	-99	-99	-99	-99	-99	-99	-99	-99	-99	-99	-99	-99
yellow	blue	PILA55_21	PILA	8164	19522	526	-99	5500	3322	0	2019	2021	-99	-99	-99	-99	-99	21	7.3	95	3	27	7.3	0	5
yellow	blue	PILA55_21	PILA	8164	19522	526	-99	5500	1097	0	2019	-99	-99	-99	14.5	3.02	-99	31	10.7	80	3	37	10.8	100	5
yellow	blue	PILA55_21	PILA	8164	19522	526	-99	5500	3504	0	2019	-99	-99	-99	-99	-99	-99	14	6.7	30	0	-99	-99	-99	-99
yellow	blue	PILA55_21	PILA	8164	19522	526	-99	5500	3763	0	2019	-99	-99	-99	-99	-99	-99	19	8.2	80	3	-99	-99	-99	-99
yellow	blue	PILA55_21	PILA	8164	19522	526	-99	5500	3781	0	2019	-99	-99	-99	-99	-99	-99	25	8.5	100	3	-99	-99	-99	-99
yellow	blue	PILA55_21	PILA	8164	19522	526	-99	5500	3980	0	2019	-99	-99	-99	-99	-99	-99	10	3.7	85	0	15.8	3.1	100	5
yellow	brown	PILA55_22	PILA	5539	19501	526	-99	5500	1764	0	2019	2019	-99	-99	-99	-99	-99	-99	-99	-99	-99	-99	-99	-99	-99
yellow	brown	PILA55_22	PILA	5539	19501	526	-99	5500	1915	0	2019	-99	-99	-99	-99	-99	-99	-99	-99	-99	-99	24	7.2	80	5
yellow	clear	PILA55_23	PILA	8583	19586	526	-99	5500	1822	0	2019	2021	-99	-99	-99	-99	-99	19	5.9	70	3	25.4	5	0	5
yellow	clear	PILA55_23	PILA	8583	19586	526	-99	5500	3185	0	2019	2021	-99	-99	-99	-99	-99	14.6	5.6	90	3	18	4.4	0	5
yellow	clear	PILA55_23	PILA	8583	19586	526	-99	5500	1719	0	2019	-99	-99	-99	-99	-99	-99	14	4.5	100	0	19.2	5.1	25	5
yellow	clear	PILA55_23	PILA	8583	19586	526	-99	5500	1832	0	2019	-99	-99	-99	-99	-99	-99	15.5	4.8	50	3	20	3.8	100	5
yellow	clear	PILA55_23	PILA	8583	19586	526	-99	5500	1951	0	2019	-99	-99	-99	-99	-99	-99	17.5	8.2	30	0	29.4	7	100	5
yellow	green	PILA55_24	PILA	8160	19459	526	-99	5500	3474	0	2019	2019	-99	-99	-99	-99	-99	-99	-99	-99	-99	-99	-99	-99	-99
yellow	green	PILA55_24	PILA	8160	19459	526	-99	5500	3508	0	2019	2019	-99	-99	-99	-99	-99	-99	-99	-99	-99	-99	-99	-99	-99
yellow	green	PILA55_24	PILA	8160	19459	526	-99	5500	3163	0	2019	-99	-99	-99	-99	-99	-99	18.5	7.5	100	3	40.4	9.4	100	5
yellow	green	PILA55_24	PILA	8160	19459	526	-99	5500	3278	0	2019	-99	-99	-99	-99	-99	-99	21	6.5	30	3	28.2	8.1	75	5
yellow	green	PILA55_24	PILA	8160	19459	526	-99	5500	3867	1	2019	-99	-99	-99	-99	-99	-99	17	5.84	100	5	-99	-99	-99	-99
yellow	pink	PILA55_25	PILA	6448	19490	526	-99	5500	1151	0	2019	2020	-99	-99	14.5	2.85	-99	-99	-99	-99	-99	-99	-99	-99	-99
yellow	pink	PILA55_25	PILA	6448	19490	526	-99	5500	1848	0	2019	2019	-99	-99	-99	-99	-99	-99	-99	-99	-99	-99	-99	-99	-99
yellow	pink	PILA55_25	PILA	6448	19490	526	-99	5500	3013	0	2019	2019	-99	-99	-99	-99	-99	-99	-99	-99	-99	-99	-99	-99	-99
yellow	pink	PILA55_25	PILA	6448	19490	526	-99	5500	3264	0	2019	2019	-99	-99	-99	-99	-99	-99	-99	-99	-99	8	-99	0	5
yellow	pink	PILA55_25	PILA	6448	19490	526	-99	5500	3600	0	2019	2021	-99	-99	-99	-99	-99	15	3.2	10	0	-99	-99	-99	-99
yellow	pink	PILA55_25	PILA	6448	19490	526	-99	5500	3406	0	2019	-99	-99	-99	-99	-99	-99	16	4.8	100	3	24.8	6.4	100	5
yellow	red	PILA55_26	PILA	8597	19555	526	-99	5500	1509	0	2019	2019	-99	-99	-99	-99	-99	-99	-99	0	-99	-99	-99	-99	-99
yellow	red	PILA55_26	PILA	8597	19555	526	-99	5500	1931	0	2019	2019	-99	-99	-99	-99	-99	-99	-99	-99	-99	-99	-99	-99	-99
yellow	red	PILA55_26	PILA	8597	19555	526	-99	5500	3250	0	2019	2019	-99	-99	-99	-99	-99	-99	-99	-99	-99	-99	-99	-99	-99
yellow	red	PILA55_26	PILA	8597	19555	526	-99	5500	3775	0	2019	2019	-99	-99	-99	-99	-99	-99	-99	0	-99	-99	-99	-99	-99
yellow	red	PILA55_26	PILA	8597	19555	526	-99	5500	3239	0	2019	-99	-99	-99	-99	-99	-99	-99	-99	-99	-99	11	4.8	90	5
yellow	red	PILA55_26	PILA	8597	19555	526	-99	5500	1930	0	2019	-99	-99	-99	-99	-99	-99	6	3.7	100	0	-99	-99	-99	-99
yellow	red	PILA55_26	PILA	8597	19555	526	-99	5500	1970	0	2019	-99	-99	-99	-99	-99	-99	18.3	5.6	90	3	-99	-99	-99	-99
yellow	red	PILA55_26	PILA	8597	19555	526	-99	5500	3392	1	2019	-99	-99	-99	-99	-99	-99	14	4.5	50	3	-99	-99	-99	-99
yellow	red	PILA55_26	PILA	8597	19555	526	-99	5500	3758	0	2019	-99	-99	-99	-99	-99	-99	7.2	5.1	100	3	-99	-99	-99	-99