Ziptie	Lot_Name	Species	seed_zone	elevation_cat	elevation_band	lot	tree_num	metal_tag	Genotype	Plant_Yr	Mort_Yr	Height_17	BD_17	%_alive_needles_17	Height_18	BD_18	%_alive_needles_18	Height_19	BD_19	%_alive_needles_19	Height_20	BD_20	%_alive_needles_20	Needles?	Height_21	BD_21	alive_needles_21	num_needles
AquaBlue	PILA55_2	PILA	531	-99	5500	-99	30	-99	0	2017	2017	-99	-99	-99	-99	-99	-99	-99	-99	-99	-99	-99	-99	-99	-99	-99	-99	-99
AquaBlue	PILA55_2	PILA	531	-99	5500	-99	31	-99	0	2017	2017	-99	-99	-99	-99	-99	-99	-99	-99	-99	-99	-99	-99	-99	-99	-99	-99	-99
AquaBlue	PILA55_2	PILA	531	-99	5500	-99	33	-99	0	2017	2017	-99	-99	-99	-99	-99	-99	-99	-99	-99	-99	-99	-99	-99	-99	-99	-99	-99
AquaBlue	PILA55_2	PILA	531	-99	5500	-99	34	-99	0	2017	2017	-99	-99	-99	-99	-99	-99	-99	-99	-99	-99	-99	-99	-99	-99	-99	-99	-99
AquaBlue	PILA55_2	PILA	531	-99	5500	-99	1	393	0	2017	2020	14.5	3.8	-99	-99	-99	-99	18.5	6.88	50	-99	-99	-99	0	-99	-99	-99	-99
AquaBlue	PILA55_2	PILA	531	-99	5500	-99	8	-99	0	2017	2017	11	2.9	0	-99	-99	-99	-99	-99	-99	-99	-99	-99	-99	-99	-99	-99	-99
AquaBlue	PILA55_2	PILA	531	-99	5500	-99	9	-99	0	2017	2017	13	2.9	0	-99	-99	-99	-99	-99	-99	-99	-99	-99	-99	-99	-99	-99	-99
AquaBlue	PILA55_2	PILA	531	-99	5500	-99	10	-99	0	2017	2017	12	3.9	0	-99	-99	-99	-99	-99	-99	-99	-99	-99	-99	-99	-99	-99	-99
AquaBlue	PILA55_2	PILA	531	-99	5500	-99	11	-99	0	2017	2017	-99	-99	0	-99	-99	-99	-99	-99	-99	-99	-99	-99	-99	-99	-99	-99	-99
AquaBlue	PILA55_2	PILA	531	-99	5500	-99	13	-99	0	2017	2017	12	3.2	0	-99	-99	-99	-99	-99	-99	-99	-99	-99	-99	-99	-99	-99	-99
AquaBlue	PILA55_2	PILA	531	-99	5500	-99	15	-99	0	2017	2017	12	2.1	0	-99	-99	-99	-99	-99	-99	-99	-99	-99	-99	-99	-99	-99	-99
AquaBlue	PILA55_2	PILA	531	-99	5500	-99	19	-99	0	2017	2017	15.5	2.1	0	-99	-99	-99	-99	-99	-99	-99	-99	-99	-99	-99	-99	-99	-99
AquaBlue	PILA55_2	PILA	531	-99	5500	-99	26	-99	0	2017	2017	14.5	2.4	0	-99	-99	-99	-99	-99	-99	-99	-99	-99	-99	-99	-99	-99	-99
AquaBlue	PILA55_2	PILA	531	-99	5500	-99	27	-99	0	2017	2017	-99	-99	0	-99	-99	-99	-99	-99	-99	-99	-99	-99	-99	-99	-99	-99	-99
AquaBlue	PILA55_2	PILA	531	-99	5500	-99	28	-99	0	2017	2017	10	3.6	0	-99	-99	-99	-99	-99	-99	-99	-99	-99	-99	-99	-99	-99	-99
AquaBlue	PILA55_2	PILA	531	-99	5500	-99	7	57	0	2017	2018	12.5	3.6	100	-99	-99	-99	-99	-99	-99	-99	-99	-99	-99	-99	-99	-99	-99
AquaBlue	PILA55_2	PILA	531	-99	5500	-99	2	-99	0	2017	2017	14	4.5	50	-99	-99	-99	-99	-99	-99	-99	-99	-99	-99	-99	-99	-99	-99
AquaBlue	PILA55_2	PILA	531	-99	5500	-99	4	-99	0	2017	2017	-99	-99	-99	-99	-99	-99	-99	-99	-99	-99	-99	-99	-99	-99	-99	-99	-99
AquaBlue	PILA55_2	PILA	531	-99	5500	-99	3	-99	0	2017	2019	14	3.4	50	17	3.98	100	-99	-99	-99	-99	-99	-99	-99	-99	-99	-99	-99
AquaBlue	PILA55_2	PILA	531	-99	5500	-99	32	-99	0	2017	2019	-99	-99	-99	42	11.22	100	-99	-99	-99	-99	-99	-99	-99	-99	-99	-99	-99
AquaBlue	PILA55_2	PILA	531	-99	5500	-99	17	-99	0	2017	2017	11.5	3	25	-99	-99	-99	-99	-99	-99	-99	-99	-99	-99	-99	-99	-99	-99
AquaBlue	PILA55_2	PILA	531	-99	5500	-99	6	449	0	2017	2020	14	4.2	-99	19	5.19	100	19	7.32	50	-99	-99	-99	0	-99	-99	-99	-99
AquaBlue	PILA55_2	PILA	531	-99	5500	-99	20	210	0	2017	2020	11.5	2.7	25	16	4.12	100	19.5	4.5	100	-99	-99	-99	0	-99	-99	-99	-99
AquaBlue	PILA55_2	PILA	531	-99	5500	-99	12	373	0	2017	2020	12	3.3	100	16	4.27	100	15.5	4.9	100	-99	-99	-99	0	-99	-99	-99	-99
AquaBlue	PILA55_2	PILA	531	-99	5500	-99	21	563	0	2017	2020	12.5	3.7	100	-99	-99	-99	44.5	11.55	100	-99	-99	-99	0	-99	-99	-99	-99
AquaBlue	PILA55_2	PILA	531	-99	5500	-99	24	675	0	2017	2020	11	3.3	-99	14	4.48	100	14	6.44	100	-99	-99	-99	0	-99	-99	-99	-99
AquaBlue	PILA55_2	PILA	531	-99	5500	-99	16	725	0	2017	2020	14.5	4.8	100	-99	-99	-99	26	8.59	100	-99	-99	-99	0	24	10.3	0	5
AquaBlue	PILA55_2	PILA	531	-99	5500	-99	5	478	0	2017	-99	14	3.8	-99	14	6.1	100	-99	-99	-99	-99	-99	-99	-99	19.2	5.6	50	5
AquaBlue	PILA55_2	PILA	531	-99	5500	-99	29	162	0	2017	-99	13.5	4.2	100	12	6.13	100	18	13.5	100	23	4.4	100	3	33.6	20.3	100	5
AquaBlue	PILA55_2	PILA	531	-99	5500	-99	18	207	0	2017	-99	11.5	3.1	-99	15	4.99	100	18	8.86	100	37	8.6	100	3	28.8	10.4	50	5
AquaBlue	PILA55_2	PILA	531	-99	5500	-99	25	673	0	2017	-99	11	3.5	100	15	4.82	100	16	15.31	100	-99	-99	-99	0	42	8.2	100	5
AquaBlue	PILA55_2	PILA	531	-99	5500	-99	22	753	1	2017	-99	13	3.7	75	17	5.75	100	17.5	7.87	100	26	15.5	100	4	26.2	11.1	50	5
AquaBlue	PILA55_2	PILA	531	-99	5500	-99	-99	822	0	2017	-99	-99	-99	-99	-99	-99	-99	33.5	12.35	100	-99	-99	-99	0	63.6	19.7	100	3
AquaBlue	PILA55_2	PILA	531	-99	5500	-99	14	925	0	2017	-99	11	3.5	-99	17	7.35	-99	-99	-99	-99	37	12.5	80	3	46.4	13.7	100	3
AquaBlue	PILA55_2	PILA	531	-99	5500	-99	23	885/976	0	2017	-99	10	3.8	-99	11	4.95	-99	13	9.44	100	15	4.1	50	0	-99	-99	-99	-99
black	PILA50_3	PILA	532	-99	5000	-99	1	-99	0	2017	2017	-99	-99	-99	-99	-99	-99	-99	-99	-99	-99	-99	-99	-99	-99	-99	-99	-99
black	PILA50_3	PILA	532	-99	5000	-99	11	-99	0	2017	2017	-99	-99	-99	-99	-99	-99	-99	-99	-99	-99	-99	-99	-99	-99	-99	-99	-99
black	PILA50_3	PILA	532	-99	5000	-99	15	-99	0	2017	2017	-99	-99	-99	-99	-99	-99	-99	-99	-99	-99	-99	-99	-99	-99	-99	-99	-99
black	PILA50_3	PILA	532	-99	5000	-99	16	-99	0	2017	2017	-99	-99	-99	-99	-99	-99	-99	-99	-99	-99	-99	-99	-99	-99	-99	-99	-99
black	PILA50_3	PILA	532	-99	5000	-99	17	-99	0	2017	2017	-99	-99	-99	-99	-99	-99	-99	-99	-99	-99	-99	-99	-99	-99	-99	-99	-99
black	PILA50_3	PILA	532	-99	5000	-99	18	-99	0	2017	2017	-99	-99	-99	-99	-99	-99	-99	-99	-99	-99	-99	-99	-99	-99	-99	-99	-99
black	PILA50_3	PILA	532	-99	5000	-99	19	-99	0	2017	2017	-99	-99	-99	-99	-99	-99	-99	-99	-99	-99	-99	-99	-99	-99	-99	-99	-99
black	PILA50_3	PILA	532	-99	5000	-99	20	-99	0	2017	2017	-99	-99	-99	-99	-99	-99	-99	-99	-99	-99	-99	-99	-99	-99	-99	-99	-99
black	PILA50_3	PILA	532	-99	5000	-99	6	-99	0	2017	2017	11	3.8	0	-99	-99	-99	-99	-99	-99	-99	-99	-99	-99	-99	-99	-99	-99
black	PILA50_3	PILA	532	-99	5000	-99	8	-99	0	2017	2017	7.5	2.2	0	-99	-99	-99	-99	-99	-99	-99	-99	-99	-99	-99	-99	-99	-99
black	PILA50_3	PILA	532	-99	5000	-99	2	-99	0	2017	2018	12	4.2	75	-99	-99	-99	-99	-99	-99	-99	-99	-99	-99	-99	-99	-99	-99
black	PILA50_3	PILA	532	-99	5000	-99	4	-99	0	2017	2019	13	1	-99	18	6.89	100	-99	-99	-99	-99	-99	-99	-99	-99	-99	-99	-99
black	PILA50_3	PILA	532	-99	5000	-99	14	-99	0	2017	2019	10.5	3.1	100	12	5.07	100	-99	-99	-99	-99	-99	-99	-99	-99	-99	-99	-99
black	PILA50_3	PILA	532	-99	5000	-99	5	76	0	2017	2020	13	4.8	75	18	5.87	100	22.5	6.96	100	-99	-99	-99	-99	-99	-99	-99	-99
black	PILA50_3	PILA	532	-99	5000	-99	13	329	0	2017	2020	13	4.7	100	13	8.09	100	33.5	13.86	100	-99	-99	-99	0	-99	-99	-99	-99
black	PILA50_3	PILA	532	-99	5000	-99	9	723	0	2017	2020	16.5	3.3	100	10	5.62	50	12	6.6	100	-99	-99	-99	0	-99	-99	-99	-99
black	PILA50_3	PILA	532	-99	5000	-99	10	998	0	2017	2020	12	3	75	-99	-99	-99	14	3.66	100	-99	-99	-99	0	-99	-99	-99	-99
black	PILA50_3	PILA	532	-99	5000	-99	7	704	1	2017	2021	8.5	3.2	100	16	6.41	100	16	6.91	100	21	6.3	100	3	25	10.2	0	5
black	PILA50_3	PILA	532	-99	5000	-99	3	143	0	2017	-99	12.5	3.6	100	-99	-99	-99	32	9.07	100	38	15.1	90	5	60.2	28.5	100	5
black	PILA50_3	PILA	532	-99	5000	-99	12	573	0	2017	-99	13	3.8	100	20	6.4	100	27.5	8.68	100	63	14.8	100	5	-99	-99	-99	-99
CanaryYellow	PILA50_1	PILA	526	-99	5000	-99	26	-99	0	2017	2017	-99	-99	-99	-99	-99	-99	-99	-99	-99	-99	-99	-99	-99	-99	-99	-99	-99
CanaryYellow	PILA50_1	PILA	526	-99	5000	-99	27	-99	0	2017	2017	-99	-99	-99	-99	-99	-99	-99	-99	-99	-99	-99	-99	-99	-99	-99	-99	-99
CanaryYellow	PILA50_1	PILA	526	-99	5000	-99	28	-99	0	2017	2017	-99	-99	-99	-99	-99	-99	-99	-99	-99	-99	-99	-99	-99	-99	-99	-99	-99
CanaryYellow	PILA50_1	PILA	526	-99	5000	-99	29	-99	0	2017	2017	-99	-99	-99	-99	-99	-99	-99	-99	-99	-99	-99	-99	-99	-99	-99	-99	-99
CanaryYellow	PILA50_1	PILA	526	-99	5000	-99	30	-99	0	2017	2017	-99	-99	-99	-99	-99	-99	-99	-99	-99	-99	-99	-99	-99	-99	-99	-99	-99
CanaryYellow	PILA50_1	PILA	526	-99	5000	-99	31	-99	0	2017	2017	-99	-99	-99	-99	-99	-99	-99	-99	-99	-99	-99	-99	-99	-99	-99	-99	-99
CanaryYellow	PILA50_1	PILA	526	-99	5000	-99	32	-99	0	2017	2017	-99	-99	-99	-99	-99	-99	-99	-99	-99	-99	-99	-99	-99	-99	-99	-99	-99
CanaryYellow	PILA50_1	PILA	526	-99	5000	-99	33	-99	0	2017	2017	-99	-99	-99	-99	-99	-99	-99	-99	-99	-99	-99	-99	-99	-99	-99	-99	-99
CanaryYellow	PILA50_1	PILA	526	-99	5000	-99	34	-99	0	2017	2017	-99	-99	-99	-99	-99	-99	-99	-99	-99	-99	-99	-99	-99	-99	-99	-99	-99
CanaryYellow	PILA50_1	PILA	526	-99	5000	-99	35	-99	0	2017	2017	-99	-99	-99	-99	-99	-99	-99	-99	-99	-99	-99	-99	-99	-99	-99	-99	-99
CanaryYellow	PILA50_1	PILA	526	-99	5000	-99	36	-99	0	2017	2017	-99	-99	-99	-99	-99	-99	-99	-99	-99	-99	-99	-99	-99	-99	-99	-99	-99
CanaryYellow	PILA50_1	PILA	526	-99	5000	-99	5	-99	0	2017	2017	14	3.5	0	-99	-99	-99	-99	-99	-99	-99	-99	-99	-99	-99	-99	-99	-99
CanaryYellow	PILA50_1	PILA	526	-99	5000	-99	25	-99	0	2017	2017	13	2.9	0	-99	-99	-99	-99	-99	-99	-99	-99	-99	-99	-99	-99	-99	-99
CanaryYellow	PILA50_1	PILA	526	-99	5000	-99	23	693	0	2017	2020	11	4.2	100	-99	-99	-99	24	16.89	100	-99	-99	-99	0	-99	-99	-99	-99
CanaryYellow	PILA50_1	PILA	526	-99	5000	-99	18	823	0	2017	2020	15.5	3.3	75	-99	-99	-99	16	9.8	100	-99	-99	-99	0	-99	-99	-99	-99
CanaryYellow	PILA50_1	PILA	526	-99	5000	-99	14	-99	0	2017	2017	11	2.5	-99	-99	-99	-99	-99	-99	-99	-99	-99	-99	-99	-99	-99	-99	-99
CanaryYellow	PILA50_1	PILA	526	-99	5000	-99	15	-99	0	2017	2017	14	5.3	-99	-99	-99	-99	-99	-99	-99	-99	-99	-99	-99	-99	-99	-99	-99
CanaryYellow	PILA50_1	PILA	526	-99	5000	-99	7	492	0	2017	2019	-99	-99	-99	23	7.25	100	-99	-99	-99	-99	-99	-99	-99	-99	-99	-99	-99
CanaryYellow	PILA50_1	PILA	526	-99	5000	-99	3	999	0	2017	2019	13	3.5	-99	19	6.41	-99	-99	-99	-99	-99	-99	-99	-99	-99	-99	-99	-99
CanaryYellow	PILA50_1	PILA	526	-99	5000	-99	2	-99	0	2017	2019	10	2.6	-99	29	8.32	100	-99	-99	-99	-99	-99	-99	-99	-99	-99	-99	-99
CanaryYellow	PILA50_1	PILA	526	-99	5000	-99	6	-99	0	2017	2019	17	4.2	75	35	8.77	100	-99	-99	-99	-99	-99	-99	-99	-99	-99	-99	-99
CanaryYellow	PILA50_1	PILA	526	-99	5000	-99	8	-99	0	2017	2019	-99	-99	-99	15	7.57	100	-99	-99	-99	-99	-99	-99	-99	-99	-99	-99	-99
CanaryYellow	PILA50_1	PILA	526	-99	5000	-99	9	-99	0	2017	2019	12.5	3.3	-99	13	4.69	100	-99	-99	-99	-99	-99	-99	-99	-99	-99	-99	-99
CanaryYellow	PILA50_1	PILA	526	-99	5000	-99	11	-99	0	2017	2019	15.5	4.3	100	22	7.18	100	-99	-99	-99	-99	-99	-99	-99	-99	-99	-99	-99
CanaryYellow	PILA50_1	PILA	526	-99	5000	-99	13	-99	0	2017	2019	17	4.4	75	11	4.38	100	-99	-99	-99	-99	-99	-99	-99	-99	-99	-99	-99
CanaryYellow	PILA50_1	PILA	526	-99	5000	-99	17	-99	0	2017	2019	10	2.1	-99	13	4.27	100	-99	-99	-99	-99	-99	-99	-99	-99	-99	-99	-99
CanaryYellow	PILA50_1	PILA	526	-99	5000	-99	12	867	0	2017	2020	15	4	-99	18	6.45	100	17	6.97	100	-99	-99	-99	0	-99	-99	-99	-99
CanaryYellow	PILA50_1	PILA	526	-99	5000	-99	-99	1687	0	2017	2020	-99	-99	-99	-99	-99	-99	14	4.36	100	-99	-99	-99	0	-99	-99	-99	-99
CanaryYellow	PILA50_1	PILA	526	-99	5000	24	24	326	0	2017	-99	12	4.1	100	-99	-99	-99	32	9.46	100	-99	-99	-99	0	41.4	16.6	25	3
CanaryYellow	PILA50_1	PILA	526	-99	5000	-99	1	113	0	2017	-99	15	3.9	-99	-99	-99	-99	20	8.13	100	27.3	8.4	100	3	37.8	15.2	100	5
CanaryYellow	PILA50_1	PILA	526	-99	5000	-99	10	324	0	2017	-99	17	4.7	100	-99	-99	-99	40.5	18.23	100	71	17.7	85	5	86.2	22.5	100	5
CanaryYellow	PILA50_1	PILA	526	-99	5000	-99	4	359	0	2017	-99	14	4.6	100	17	10.51	100	31	10.67	100	39	18.5	100	3	77.8	29.1	100	5
CanaryYellow	PILA50_1	PILA	526	-99	5000	-99	20	562	1	2017	-99	21	4.7	-99	-99	-99	-99	42	14.85	100	83	18.8	100	5	80.2	27.7	100	5
CanaryYellow	PILA50_1	PILA	526	-99	5000	-99	21	581	0	2017	-99	15	4.4	100	20	7.6	100	19	10.08	100	36	15.2	75	3	-99	-99	-99	-99
CanaryYellow	PILA50_1	PILA	526	-99	5000	-99	16	732	0	2017	-99	10	3	-99	-99	-99	-99	26.5	7.98	100	38	10.6	90	5	-99	-99	-99	-99
CanaryYellow	PILA50_1	PILA	526	-99	5000	-99	22	912	0	2017	-99	15	3.7	75	12	3.03	25	31	7.85	100	-99	-99	-99	0	38	14.2	25	5
CanaryYellow	PILA50_1	PILA	526	-99	5000	-99	19	959	0	2017	-99	13	4.4	75	-99	-99	-99	14	7.3	100	20	10	95	3	24.6	9.9	100	5
clear	PILA60_3	PILA	533	-99	6000	-99	16	-99	0	2017	2017	-99	-99	-99	-99	-99	-99	-99	-99	-99	-99	-99	-99	-99	-99	-99	-99	-99
clear	PILA60_3	PILA	533	-99	6000	-99	17	-99	0	2017	2017	-99	-99	-99	-99	-99	-99	-99	-99	-99	-99	-99	-99	-99	-99	-99	-99	-99
clear	PILA60_3	PILA	533	-99	6000	-99	19	-99	0	2017	2017	-99	-99	-99	-99	-99	-99	-99	-99	-99	-99	-99	-99	-99	-99	-99	-99	-99
clear	PILA60_3	PILA	533	-99	6000	-99	5	-99	0	2017	2017	4	3.1	0	-99	-99	-99	-99	-99	-99	-99	-99	-99	-99	-99	-99	-99	-99
clear	PILA60_3	PILA	533	-99	6000	-99	6	-99	0	2017	2017	-99	-99	0	-99	-99	-99	-99	-99	-99	-99	-99	-99	-99	-99	-99	-99	-99
clear	PILA60_3	PILA	533	-99	6000	-99	7	-99	0	2017	2017	12	3.5	-99	-99	-99	-99	-99	-99	-99	-99	-99	-99	-99	-99	-99	-99	-99
clear	PILA60_3	PILA	533	-99	6000	-99	8	-99	0	2017	2017	13	2.8	-99	-99	-99	-99	-99	-99	-99	-99	-99	-99	-99	-99	-99	-99	-99
clear	PILA60_3	PILA	533	-99	6000	-99	14	-99	0	2017	2017	-99	-99	-99	-99	-99	-99	-99	-99	-99	-99	-99	-99	-99	-99	-99	-99	-99
clear	PILA60_3	PILA	533	-99	6000	-99	15	-99	0	2017	2017	15	3.8	-99	-99	-99	-99	-99	-99	-99	-99	-99	-99	-99	-99	-99	-99	-99
clear	PILA60_3	PILA	533	-99	6000	-99	2	-99	0	2017	2018	18.5	4.2	75	-99	-99	-99	-99	-99	-99	-99	-99	-99	-99	-99	-99	-99	-99
clear	PILA60_3	PILA	533	-99	6000	-99	4	-99	0	2017	2017	-99	-99	-99	-99	-99	-99	-99	-99	-99	-99	-99	-99	-99	-99	-99	-99	-99
clear	PILA60_3	PILA	533	-99	6000	-99	11	-99	0	2017	2018	13	4.6	100	-99	-99	-99	-99	-99	-99	-99	-99	-99	-99	-99	-99	-99	-99
clear	PILA60_3	PILA	533	-99	6000	-99	9	-99	0	2017	2019	10	2.9	-99	9	5.13	100	-99	-99	-99	-99	-99	-99	-99	-99	-99	-99	-99
clear	PILA60_3	PILA	533	-99	6000	-99	3	120	0	2017	2020	14.5	4.8	100	-99	-99	-99	19	9.21	100	-99	-99	-99	0	-99	-99	-99	-99
clear	PILA60_3	PILA	533	-99	6000	-99	10	220	0	2017	2020	15.5	4.2	100	-99	-99	-99	33.5	10.8	100	-99	-99	-99	0	-99	-99	-99	-99
clear	PILA60_3	PILA	533	-99	6000	-99	-99	647	0	2017	2020	-99	-99	-99	-99	-99	-99	15.5	5.6	100	-99	-99	-99	0	-99	-99	-99	-99
clear	PILA60_3	PILA	533	-99	6000	-99	13	664	0	2017	2020	17	3.9	75	20	6.88	100	21	6.22	75	-99	-99	-99	0	-99	-99	-99	-99
clear	PILA60_3	PILA	533	-99	6000	-99	18	219/360	1	2017	2020	15	3.6	-99	-99	-99	-99	16	3.35	100	-99	-99	-99	0	-99	-99	-99	-99
clear	PILA60_3	PILA	533	-99	6000	-99	1	445	1	2017	2021	15	3.7	75	14	5.24	100	14	7.22	100	25	8.5	100	3	25	7.1	0	5
clear	PILA60_3	PILA	533	-99	6000	-99	12	616	0	2017	-99	13	4.6	75	17	6.59	100	-99	-99	-99	-99	-99	-99	-99	46.8	9.6	100	5
DkBlue	PILA60_2	PILA	532	-99	6000	-99	39	-99	0	2017	2017	-99	-99	-99	-99	-99	-99	-99	-99	-99	-99	-99	-99	-99	-99	-99	-99	-99
DkBlue	PILA60_2	PILA	532	-99	6000	-99	41	-99	0	2017	2017	-99	-99	-99	-99	-99	-99	-99	-99	-99	-99	-99	-99	-99	-99	-99	-99	-99
DkBlue	PILA60_2	PILA	532	-99	6000	-99	42	-99	0	2017	2017	-99	-99	-99	-99	-99	-99	-99	-99	-99	-99	-99	-99	-99	-99	-99	-99	-99
DkBlue	PILA60_2	PILA	532	-99	6000	-99	43	-99	0	2017	2017	-99	-99	-99	-99	-99	-99	-99	-99	-99	-99	-99	-99	-99	-99	-99	-99	-99
DkBlue	PILA60_2	PILA	532	-99	6000	-99	44	-99	0	2017	2017	-99	-99	-99	-99	-99	-99	-99	-99	-99	-99	-99	-99	-99	-99	-99	-99	-99
DkBlue	PILA60_2	PILA	532	-99	6000	-99	19	557	0	2017	2017	12.5	3.1	-99	-99	-99	-99	-99	-99	-99	-99	-99	-99	-99	-99	-99	-99	-99
DkBlue	PILA60_2	PILA	532	-99	6000	-99	1	-99	0	2017	2017	5	2.8	0	-99	-99	-99	-99	-99	-99	-99	-99	-99	-99	-99	-99	-99	-99
DkBlue	PILA60_2	PILA	532	-99	6000	-99	5	-99	0	2017	2017	-99	-99	-99	-99	-99	-99	-99	-99	-99	-99	-99	-99	-99	-99	-99	-99	-99
DkBlue	PILA60_2	PILA	532	-99	6000	-99	6	-99	0	2017	2017	13	2.4	0	-99	-99	-99	-99	-99	-99	-99	-99	-99	-99	-99	-99	-99	-99
DkBlue	PILA60_2	PILA	532	-99	6000	-99	10	-99	0	2017	2017	-99	-99	-99	-99	-99	-99	-99	-99	-99	-99	-99	-99	-99	-99	-99	-99	-99
DkBlue	PILA60_2	PILA	532	-99	6000	-99	11	-99	0	2017	2017	-99	-99	-99	-99	-99	-99	-99	-99	-99	-99	-99	-99	-99	-99	-99	-99	-99
DkBlue	PILA60_2	PILA	532	-99	6000	-99	12	-99	0	2017	2017	28	3.6	0	-99	-99	-99	-99	-99	-99	-99	-99	-99	-99	-99	-99	-99	-99
DkBlue	PILA60_2	PILA	532	-99	6000	-99	14	-99	0	2017	2017	12.5	-99	-99	-99	-99	-99	-99	-99	-99	-99	-99	-99	-99	-99	-99	-99	-99
DkBlue	PILA60_2	PILA	532	-99	6000	-99	15	-99	0	2017	2017	9.5	-99	-99	-99	-99	-99	-99	-99	-99	-99	-99	-99	-99	-99	-99	-99	-99
DkBlue	PILA60_2	PILA	532	-99	6000	-99	21	-99	0	2017	2017	12.5	2.1	0	-99	-99	-99	-99	-99	-99	-99	-99	-99	-99	-99	-99	-99	-99
DkBlue	PILA60_2	PILA	532	-99	6000	-99	23	-99	0	2017	2017	14	2.9	0	-99	-99	-99	-99	-99	-99	-99	-99	-99	-99	-99	-99	-99	-99
DkBlue	PILA60_2	PILA	532	-99	6000	-99	24	-99	0	2017	2017	13	2.2	0	-99	-99	-99	-99	-99	-99	-99	-99	-99	-99	-99	-99	-99	-99
DkBlue	PILA60_2	PILA	532	-99	6000	-99	26	-99	0	2017	2017	8	2.1	0	-99	-99	-99	-99	-99	-99	-99	-99	-99	-99	-99	-99	-99	-99
DkBlue	PILA60_2	PILA	532	-99	6000	-99	27	-99	0	2017	2017	13	2.9	0	-99	-99	-99	-99	-99	-99	-99	-99	-99	-99	-99	-99	-99	-99
DkBlue	PILA60_2	PILA	532	-99	6000	-99	32	-99	0	2017	2017	10.5	3.8	0	-99	-99	-99	-99	-99	-99	-99	-99	-99	-99	-99	-99	-99	-99
DkBlue	PILA60_2	PILA	532	-99	6000	-99	35	-99	0	2017	2018	16	3.8	100	-99	-99	-99	-99	-99	-99	-99	-99	-99	-99	-99	-99	-99	-99
DkBlue	PILA60_2	PILA	532	-99	6000	-99	3	469	0	2017	2020	10.5	3.9	100	16	5.44	100	-99	-99	-99	-99	-99	-99	-99	-99	-99	-99	-99
DkBlue	PILA60_2	PILA	532	-99	6000	-99	38	-99	0	2017	2018	18.5	3	25	17	4.41	50	-99	-99	-99	-99	-99	-99	-99	-99	-99	-99	-99
DkBlue	PILA60_2	PILA	532	-99	6000	-99	9	-99	0	2017	2019	8	2.2	-99	15	5.5	100	-99	-99	-99	-99	-99	-99	-99	-99	-99	-99	-99
DkBlue	PILA60_2	PILA	532	-99	6000	-99	31	323	0	2017	2020	13	3.9	100	17	5.54	100	-99	-99	-99	-99	-99	-99	-99	-99	-99	-99	-99
DkBlue	PILA60_2	PILA	532	-99	6000	-99	7	481	0	2017	2020	12	3.6	75	16	5.64	100	13.5	6.6	100	-99	-99	-99	0	-99	-99	-99	-99
DkBlue	PILA60_2	PILA	532	-99	6000	-99	4	536	0	2017	2020	12	3.5	-99	18	4.5	100	23.5	8.08	50	-99	-99	-99	0	-99	-99	-99	-99
DkBlue	PILA60_2	PILA	532	-99	6000	-99	8	482	0	2017	2020	9	3.5	-99	-99	-99	-99	14.5	6.37	100	-99	-99	-99	0	-99	-99	-99	-99
DkBlue	PILA60_2	PILA	532	-99	6000	-99	20	650	0	2017	2020	15	3.2	75	17	4.08	100	17.5	5.45	100	-99	-99	-99	0	-99	-99	-99	-99
DkBlue	PILA60_2	PILA	532	-99	6000	-99	17	782	0	2017	2020	9.5	3.2	75	13	4.78	75	14.5	4.8	100	-99	-99	-99	0	-99	-99	-99	-99
DkBlue	PILA60_2	PILA	532	-99	6000	-99	16	793	0	2017	2020	22	4.8	-99	14	5.62	100	27	11.9	100	-99	-99	-99	0	-99	-99	-99	-99
DkBlue	PILA60_2	PILA	532	-99	6000	-99	37	855	0	2017	2020	21	4	75	21	4.8	75	15	4.22	100	-99	-99	-99	0	-99	-99	-99	-99
DkBlue	PILA60_2	PILA	532	-99	6000	-99	2	444	0	2017	2018	14	3.7	-99	-99	-99	-99	-99	-99	-99	-99	-99	-99	-99	23	7.7	0	5
DkBlue	PILA60_2	PILA	532	-99	6000	-99	36	335	0	2017	2020	16.5	3.7	75	22	5.45	100	21	6.87	100	-99	-99	-99	0	22	8.7	0	5
DkBlue	PILA60_2	PILA	532	-99	6000	-99	29	631	0	2017	2020	15	3.8	50	19	6	100	23.5	8.8	100	-99	-99	-99	0	48	16.5	0	5
DkBlue	PILA60_2	PILA	532	-99	6000	-99	34	854	1	2017	2021	16	4.5	75	17	3.17	75	14	6.55	100	21	10	100	3	21	-99	0	5
DkBlue	PILA60_2	PILA	532	-99	6000	-99	30	337	0	2017	-99	14	3.9	100	23	7.7	100	29	9.64	100	-99	-99	-99	0	49.4	14.6	100	5
DkBlue	PILA60_2	PILA	532	-99	6000	-99	25	350	1	2017	-99	14.5	2.9	-99	18	5.1	100	17.5	6.93	100	31	8.7	100	3	-99	-99	-99	-99
DkBlue	PILA60_2	PILA	532	-99	6000	-99	18	360	1	2017	-99	11.5	3.6	100	18	6.71	100	21.5	10.4	100	28.2	8	95	5	-99	-99	-99	-99
DkBlue	PILA60_2	PILA	532	-99	6000	-99	13	484	0	2017	-99	14	5	100	-99	-99	-99	-99	-99	-99	36	9.7	100	3	58.2	25.1	100	5
DkBlue	PILA60_2	PILA	532	-99	6000	-99	22	722	0	2017	-99	12	3.7	-99	19	7.3	100	32.5	10.23	100	56	14.7	100	3	50.4	20.4	90	5
DkBlue	PILA60_2	PILA	532	-99	6000	-99	33	758	0	2017	-99	15	4.8	75	21	8.26	100	16	9.67	100	28	8.6	95	3	-99	-99	-99	-99
DkBlue	PILA60_2	PILA	532	-99	6000	-99	28	830	1	2017	-99	12	3.8	75	18	5.53	100	15	7.44	100	28	7	70	3	30.2	14	75	5
Fushia	PILA45_1	PILA	531	-99	4500	-99	1	-99	0	2017	2017	12	3.8	0	-99	-99	-99	-99	-99	-99	-99	-99	-99	-99	-99	-99	-99	-99
Fushia	PILA45_1	PILA	531	-99	4500	-99	7	-99	0	2017	2017	8	3.2	0	-99	-99	-99	-99	-99	-99	-99	-99	-99	-99	-99	-99	-99	-99
Fushia	PILA45_1	PILA	531	-99	4500	-99	8	-99	0	2017	2017	14	3.2	0	-99	-99	-99	-99	-99	-99	-99	-99	-99	-99	-99	-99	-99	-99
Fushia	PILA45_1	PILA	531	-99	4500	-99	10	-99	0	2017	2017	14	3.7	0	-99	-99	-99	-99	-99	-99	-99	-99	-99	-99	-99	-99	-99	-99
Fushia	PILA45_1	PILA	531	-99	4500	-99	11	-99	0	2017	2017	13	3.5	0	-99	-99	-99	-99	-99	-99	-99	-99	-99	-99	-99	-99	-99	-99
Fushia	PILA45_1	PILA	531	-99	4500	-99	13	-99	0	2017	2017	12	3.5	0	-99	-99	-99	-99	-99	-99	-99	-99	-99	-99	-99	-99	-99	-99
Fushia	PILA45_1	PILA	531	-99	4500	-99	15	-99	0	2017	2019	13	2.7	75	16	4.6	100	-99	-99	-99	-99	-99	-99	-99	-99	-99	-99	-99
Fushia	PILA45_1	PILA	531	-99	4500	-99	4	-99	0	2017	2017	19	3.4	25	-99	-99	-99	-99	-99	-99	-99	-99	-99	-99	-99	-99	-99	-99
Fushia	PILA45_1	PILA	531	-99	4500	-99	5	-99	0	2017	2018	20.5	4	100	-99	-99	-99	-99	-99	-99	-99	-99	-99	-99	-99	-99	-99	-99
Fushia	PILA45_1	PILA	531	-99	4500	-99	6	-99	0	2017	2017	15.5	4.7	50	-99	-99	-99	-99	-99	-99	-99	-99	-99	-99	-99	-99	-99	-99
Fushia	PILA45_1	PILA	531	-99	4500	-99	12	-99	0	2017	2018	17.5	3.2	100	-99	-99	-99	-99	-99	-99	-99	-99	-99	-99	-99	-99	-99	-99
Fushia	PILA45_1	PILA	531	-99	4500	-99	16	-99	0	2017	2018	6	4.3	100	-99	-99	-99	-99	-99	-99	-99	-99	-99	-99	-99	-99	-99	-99
Fushia	PILA45_1	PILA	531	-99	4500	-99	2	19	0	2017	2020	20	4.6	-99	19	6.99	100	-99	-99	-99	-99	-99	-99	-99	-99	-99	-99	-99
Fushia	PILA45_1	PILA	531	-99	4500	-99	9	658	0	2017	2021	13.5	3.7	100	17	4.9	100	20	7.44	100	18	12.1	60	3	17	8.4	0	5
Fushia	PILA45_1	PILA	531	-99	4500	-99	3	221	0	2017	-99	22.5	5.7	75	-99	-99	-99	41	8.22	100	-99	-99	-99	0	58.2	15.1	100	3
Fushia	PILA45_1	PILA	531	-99	4500	-99	14	571	0	2017	-99	14	3.6	-99	23	7.53	100	36.5	10.29	100	51	14.9	100	5	54.6	17	75	5
Fushia	PILA45_1	PILA	531	-99	4500	-99	-99	868	0	2017	-99	-99	-99	-99	-99	-99	-99	25	10.58	100	42	14.5	100	3	76.2	19.1	100	5
grey	PILA50_2	PILA	531	-99	5000	-99	19	-99	0	2017	2017	-99	-99	-99	-99	-99	-99	-99	-99	-99	-99	-99	-99	-99	-99	-99	-99	-99
grey	PILA50_2	PILA	531	-99	5000	-99	20	-99	0	2017	2017	-99	-99	-99	-99	-99	-99	-99	-99	-99	-99	-99	-99	-99	-99	-99	-99	-99
grey	PILA50_2	PILA	531	-99	5000	-99	21	-99	0	2017	2017	-99	-99	-99	-99	-99	-99	-99	-99	-99	-99	-99	-99	-99	-99	-99	-99	-99
grey	PILA50_2	PILA	531	-99	5000	-99	22	-99	0	2017	2017	-99	-99	-99	-99	-99	-99	-99	-99	-99	-99	-99	-99	-99	-99	-99	-99	-99
grey	PILA50_2	PILA	531	-99	5000	-99	23	-99	0	2017	2017	-99	-99	-99	-99	-99	-99	-99	-99	-99	-99	-99	-99	-99	-99	-99	-99	-99
grey	PILA50_2	PILA	531	-99	5000	-99	24	-99	0	2017	2017	-99	-99	-99	-99	-99	-99	-99	-99	-99	-99	-99	-99	-99	-99	-99	-99	-99
grey	PILA50_2	PILA	531	-99	5000	-99	25	-99	0	2017	2017	-99	-99	-99	-99	-99	-99	-99	-99	-99	-99	-99	-99	-99	-99	-99	-99	-99
grey	PILA50_2	PILA	531	-99	5000	-99	1	-99	0	2017	2017	14	2.9	0	-99	-99	-99	-99	-99	-99	-99	-99	-99	-99	-99	-99	-99	-99
grey	PILA50_2	PILA	531	-99	5000	-99	4	-99	0	2017	2017	9	2.5	0	-99	-99	-99	-99	-99	-99	-99	-99	-99	-99	-99	-99	-99	-99
grey	PILA50_2	PILA	531	-99	5000	-99	5	-99	0	2017	2017	11	3.7	0	-99	-99	-99	-99	-99	-99	-99	-99	-99	-99	-99	-99	-99	-99
grey	PILA50_2	PILA	531	-99	5000	-99	12	-99	0	2017	2017	10.5	3.6	0	-99	-99	-99	-99	-99	-99	-99	-99	-99	-99	-99	-99	-99	-99
grey	PILA50_2	PILA	531	-99	5000	-99	13	-99	0	2017	2017	11	2.5	0	-99	-99	-99	-99	-99	-99	-99	-99	-99	-99	-99	-99	-99	-99
grey	PILA50_2	PILA	531	-99	5000	-99	14	-99	0	2017	2017	7	1.8	0	-99	-99	-99	-99	-99	-99	-99	-99	-99	-99	-99	-99	-99	-99
grey	PILA50_2	PILA	531	-99	5000	-99	15	-99	0	2017	2017	11.5	2.8	0	-99	-99	-99	-99	-99	-99	-99	-99	-99	-99	-99	-99	-99	-99
grey	PILA50_2	PILA	531	-99	5000	-99	17	-99	0	2017	2017	8.5	2.8	0	-99	-99	-99	-99	-99	-99	-99	-99	-99	-99	-99	-99	-99	-99
grey	PILA50_2	PILA	531	-99	5000	-99	18	-99	0	2017	2017	10	2	0	-99	-99	-99	-99	-99	-99	-99	-99	-99	-99	-99	-99	-99	-99
grey	PILA50_2	PILA	531	-99	5000	-99	7	-99	0	2017	2019	10	3.9	-99	12	5.15	100	-99	-99	-99	-99	-99	-99	-99	-99	-99	-99	-99
grey	PILA50_2	PILA	531	-99	5000	-99	6	-99	0	2017	2018	18	5.1	100	-99	-99	-99	-99	-99	-99	-99	-99	-99	-99	-99	-99	-99	-99
grey	PILA50_2	PILA	531	-99	5000	-99	8	-99	0	2017	2018	12.5	4.1	100	-99	-99	-99	-99	-99	-99	-99	-99	-99	-99	-99	-99	-99	-99
grey	PILA50_2	PILA	531	-99	5000	-99	11	500	0	2017	2020	15	3.8	100	17	6.18	100	28	8.85	100	-99	-99	-99	0	-99	-99	-99	-99
grey	PILA50_2	PILA	531	-99	5000	-99	10	70	0	2017	2020	14	3.2	50	12	3.49	75	12	3.89	75	-99	-99	-99	-99	-99	-99	-99	-99
grey	PILA50_2	PILA	531	-99	5000	-99	16	202	0	2017	-99	11	3.4	75	23	3.52	100	41.5	9.07	100	-99	-99	-99	0	54.6	17.5	90	3
grey	PILA50_2	PILA	531	-99	5000	-99	9	487	1	2017	-99	-99	-99	-99	25	11.63	100	34	11.48	100	43	18.5	85	3	66	24.9	100	5
grey	PILA50_2	PILA	531	-99	5000	-99	3	531	0	2017	-99	12	1.6	-99	17	5.06	100	19	8.27	100	29.5	10.8	95	3	48.2	15.6	100	3
grey	PILA50_2	PILA	531	-99	5000	-99	2	921	1	2017	-99	12.5	4.3	100	21	7.07	100	33	10.14	75	32	13.2	80	3	60.2	10.8	100	5
HiYellow/clear	PILA60_4	PILA	540	-99	6000	-99	1	-99	0	2017	2017	-99	-99	-99	-99	-99	-99	-99	-99	-99	-99	-99	-99	-99	-99	-99	-99	-99
HiYellow/clear	PILA60_4	PILA	540	-99	6000	-99	12	-99	0	2017	2017	-99	-99	-99	-99	-99	-99	-99	-99	-99	-99	-99	-99	-99	-99	-99	-99	-99
HiYellow/clear	PILA60_4	PILA	540	-99	6000	-99	27	-99	0	2017	2017	-99	-99	-99	-99	-99	-99	-99	-99	-99	-99	-99	-99	-99	-99	-99	-99	-99
HiYellow/clear	PILA60_4	PILA	540	-99	6000	-99	29	-99	0	2017	2017	-99	-99	-99	-99	-99	-99	-99	-99	-99	-99	-99	-99	-99	-99	-99	-99	-99
HiYellow/clear	PILA60_4	PILA	540	-99	6000	-99	30	-99	0	2017	2017	-99	-99	-99	-99	-99	-99	-99	-99	-99	-99	-99	-99	-99	-99	-99	-99	-99
HiYellow/clear	PILA60_4	PILA	540	-99	6000	-99	31	-99	0	2017	2017	-99	-99	-99	-99	-99	-99	-99	-99	-99	-99	-99	-99	-99	-99	-99	-99	-99
HiYellow/clear	PILA60_4	PILA	540	-99	6000	-99	4	-99	0	2017	2017	8.5	2	0	-99	-99	-99	-99	-99	-99	-99	-99	-99	-99	-99	-99	-99	-99
HiYellow/clear	PILA60_4	PILA	540	-99	6000	-99	6	-99	0	2017	2017	9	-99	-99	-99	-99	-99	-99	-99	-99	-99	-99	-99	-99	-99	-99	-99	-99
HiYellow/clear	PILA60_4	PILA	540	-99	6000	-99	9	-99	0	2017	2017	12	-99	-99	-99	-99	-99	-99	-99	-99	-99	-99	-99	-99	-99	-99	-99	-99
HiYellow/clear	PILA60_4	PILA	540	-99	6000	-99	11	-99	0	2017	2017	8.5	-99	-99	-99	-99	-99	-99	-99	-99	-99	-99	-99	-99	-99	-99	-99	-99
HiYellow/clear	PILA60_4	PILA	540	-99	6000	-99	13	-99	0	2017	2017	12.5	3.2	-99	-99	-99	-99	-99	-99	-99	-99	-99	-99	-99	-99	-99	-99	-99
HiYellow/clear	PILA60_4	PILA	540	-99	6000	-99	14	-99	0	2017	2017	12.5	3.6	-99	-99	-99	-99	-99	-99	-99	-99	-99	-99	-99	-99	-99	-99	-99
HiYellow/clear	PILA60_4	PILA	540	-99	6000	-99	22	-99	0	2017	2017	9	1.8	0	-99	-99	-99	-99	-99	-99	-99	-99	-99	-99	-99	-99	-99	-99
HiYellow/clear	PILA60_4	PILA	540	-99	6000	-99	25	-99	0	2017	2017	14	2.8	0	-99	-99	-99	-99	-99	-99	-99	-99	-99	-99	-99	-99	-99	-99
HiYellow/clear	PILA60_4	PILA	540	-99	6000	-99	10	425	0	2017	2018	13	4.3	100	17	6.8	-99	-99	-99	-99	-99	-99	-99	-99	-99	-99	-99	-99
HiYellow/clear	PILA60_4	PILA	540	-99	6000	-99	7	451	0	2017	2019	17.5	-99	-99	16	14.14	50	-99	-99	-99	-99	-99	-99	-99	-99	-99	-99	-99
HiYellow/clear	PILA60_4	PILA	540	-99	6000	-99	18	-99	0	2017	2020	11.5	3.5	75	14	3.74	100	-99	-99	-99	-99	-99	-99	-99	-99	-99	-99	-99
HiYellow/clear	PILA60_4	PILA	540	-99	6000	-99	19	-99	0	2017	2020	12	3	-99	20	6.5	100	-99	-99	-99	-99	-99	-99	-99	-99	-99	-99	-99
HiYellow/clear	PILA60_4	PILA	540	-99	6000	-99	5	188	0	2017	2020	14	3.5	75	-99	-99	-99	14.5	7.16	50	-99	-99	-99	0	-99	-99	-99	-99
HiYellow/clear	PILA60_4	PILA	540	-99	6000	-99	26	926	0	2017	2020	15	4	75	18	5.09	100	18.5	6.7	100	-99	-99	-99	0	-99	-99	-99	-99
HiYellow/clear	PILA60_4	PILA	540	-99	6000	-99	28	972	0	2017	2020	11	3.3	100	14	6.56	100	-99	-99	-99	-99	-99	-99	0	-99	-99	-99	-99
HiYellow/clear	PILA60_4	PILA	540	-99	6000	-99	16	568	0	2017	2020	-99	-99	-99	15	4.05	100	17	5.66	100	-99	-99	-99	0	-99	-99	-99	-99
HiYellow/clear	PILA60_4	PILA	540	-99	6000	-99	15	779	0	2017	2020	12	2.9	-99	23	7.91	100	33.5	11.46	100	-99	-99	-99	0	-99	-99	-99	-99
HiYellow/clear	PILA60_4	PILA	540	-99	6000	-99	23	838	0	2017	2020	13	2	-99	-99	-99	-99	18	11.45	100	-99	-99	-99	0	-99	-99	-99	-99
HiYellow/clear	PILA60_4	PILA	540	-99	6000	-99	17	590	0	2017	2020	15.5	2.9	-99	16	5.51	100	19.5	6.65	100	-99	-99	-99	0	40	9.1	0	5
HiYellow/clear	PILA60_4	PILA	540	-99	6000	-99	2	112	0	2017	-99	12.5	5.2	100	22	6.58	75	23	9.3	100	74	24.9	80	5	30.4	15.1	75	5
HiYellow/clear	PILA60_4	PILA	540	-99	6000	-99	-99	376	0	2017	-99	-99	-99	-99	-99	-99	-99	22	9.04	100	-99	-99	-99	0	48.2	16.8	75	5
HiYellow/clear	PILA60_4	PILA	540	-99	6000	-99	3	468	0	2017	-99	14	4	-99	18	4.15	100	14	8.53	100	19	6.5	100	3	23	12.4	75	5
HiYellow/clear	PILA60_4	PILA	540	-99	6000	-99	8	485	0	2017	-99	16.5	4.5	100	20	7.15	100	-99	-99	-99	25	13.2	80	3	31	16.5	50	5
HiYellow/clear	PILA60_4	PILA	540	-99	6000	-99	24	570	0	2017	-99	14	3.7	50	18	4.3	100	16	6.45	100	-99	-99	-99	0	24.2	11	100	5
HiYellow/clear	PILA60_4	PILA	540	-99	6000	-99	21	575	0	2017	-99	13	4.6	75	18	6.28	100	18	6.85	100	-99	-99	-99	0	35.8	12.4	50	3
HiYellow/clear	PILA60_4	PILA	540	-99	6000	-99	-99	619	1	2017	-99	-99	-99	-99	-99	-99	-99	36	11.74	100	65	26.9	100	3	66	21.2	85	5
HiYellow/clear	PILA60_4	PILA	540	-99	6000	-99	20	809	0	2017	-99	13	4.6	-99	18	7.56	100	31	13.35	100	62	15.4	90	5	77.6	21.2	100	5
Local	PILA45_L	PILA	526	-99	4500	-99	198	566	0	2017	-99	-99	-99	-99	-99	-99	-99	27	8.12	100	-99	-99	-99	0	35	15.5	100	5
Local	PILA45_L	PILA	526	-99	4500	-99	216	595	0	2017	2021	13	3.1	-99	-99	-99	-99	37	12.81	100	-99	-99	-99	0	72	22.1	0	5
Local	PILA45_L	PILA	526	-99	4500	-99	110	944	0	2017	2017	-99	-99	-99	-99	-99	-99	-99	-99	-99	-99	-99	-99	-99	-99	-99	-99	-99
Local	PILA45_L	PILA	526	-99	4500	-99	15	1564	0	2017	2017	-99	-99	-99	-99	-99	-99	-99	-99	-99	-99	-99	-99	-99	-99	-99	-99	-99
Local	PILA45_L	PILA	526	-99	4500	-99	40	-99	0	2017	2017	-99	-99	-99	-99	-99	-99	-99	-99	-99	-99	-99	-99	-99	-99	-99	-99	-99
Local	PILA45_L	PILA	526	-99	4500	-99	42	-99	0	2017	2017	-99	-99	-99	-99	-99	-99	-99	-99	-99	-99	-99	-99	-99	-99	-99	-99	-99
Local	PILA45_L	PILA	526	-99	4500	-99	45	-99	0	2017	2017	-99	-99	-99	-99	-99	-99	-99	-99	-99	-99	-99	-99	-99	-99	-99	-99	-99
Local	PILA45_L	PILA	526	-99	4500	-99	53	-99	0	2017	2017	11	2.4	0	-99	-99	-99	-99	-99	-99	-99	-99	-99	-99	-99	-99	-99	-99
Local	PILA45_L	PILA	526	-99	4500	-99	59	-99	0	2017	2017	-99	-99	-99	-99	-99	-99	-99	-99	-99	-99	-99	-99	-99	-99	-99	-99	-99
Local	PILA45_L	PILA	526	-99	4500	-99	65	-99	0	2017	2017	32	7.4	0	-99	-99	-99	-99	-99	-99	-99	-99	-99	-99	-99	-99	-99	-99
Local	PILA45_L	PILA	526	-99	4500	-99	68	-99	0	2017	2017	22	2.2	0	-99	-99	-99	-99	-99	-99	-99	-99	-99	-99	-99	-99	-99	-99
Local	PILA45_L	PILA	526	-99	4500	-99	83	-99	0	2017	2017	-99	-99	-99	-99	-99	-99	-99	-99	-99	-99	-99	-99	-99	-99	-99	-99	-99
Local	PILA45_L	PILA	526	-99	4500	-99	85	-99	0	2017	2017	18	2.6	0	-99	-99	-99	-99	-99	-99	-99	-99	-99	-99	-99	-99	-99	-99
Local	PILA45_L	PILA	526	-99	4500	-99	87	-99	0	2017	2017	-99	-99	-99	-99	-99	-99	-99	-99	-99	-99	-99	-99	-99	-99	-99	-99	-99
Local	PILA45_L	PILA	526	-99	4500	-99	88	-99	0	2017	2017	-99	-99	-99	-99	-99	-99	-99	-99	-99	-99	-99	-99	-99	-99	-99	-99	-99
Local	PILA45_L	PILA	526	-99	4500	-99	89	-99	0	2017	2017	-99	-99	-99	-99	-99	-99	-99	-99	-99	-99	-99	-99	-99	-99	-99	-99	-99
Local	PILA45_L	PILA	526	-99	4500	-99	96	-99	0	2017	2017	-99	-99	-99	-99	-99	-99	-99	-99	-99	-99	-99	-99	-99	-99	-99	-99	-99
Local	PILA45_L	PILA	526	-99	4500	-99	97	-99	0	2017	2017	9.5	3.2	0	-99	-99	-99	-99	-99	-99	-99	-99	-99	-99	-99	-99	-99	-99
Local	PILA45_L	PILA	526	-99	4500	-99	98	-99	0	2017	2017	5.5	3	0	-99	-99	-99	-99	-99	-99	-99	-99	-99	-99	-99	-99	-99	-99
Local	PILA45_L	PILA	526	-99	4500	-99	99	-99	0	2017	2017	8	2.4	0	-99	-99	-99	-99	-99	-99	-99	-99	-99	-99	-99	-99	-99	-99
Local	PILA45_L	PILA	526	-99	4500	-99	105	-99	0	2017	2017	-99	-99	-99	-99	-99	-99	-99	-99	-99	-99	-99	-99	-99	-99	-99	-99	-99
Local	PILA45_L	PILA	526	-99	4500	-99	106	-99	0	2017	2017	-99	-99	-99	-99	-99	-99	-99	-99	-99	-99	-99	-99	-99	-99	-99	-99	-99
Local	PILA45_L	PILA	526	-99	4500	-99	107	-99	0	2017	2017	13.5	4.1	0	-99	-99	-99	-99	-99	-99	-99	-99	-99	-99	-99	-99	-99	-99
Local	PILA45_L	PILA	526	-99	4500	-99	108	-99	0	2017	2017	16	2.6	0	-99	-99	-99	-99	-99	-99	-99	-99	-99	-99	-99	-99	-99	-99
Local	PILA45_L	PILA	526	-99	4500	-99	112	-99	0	2017	2017	14.5	2.3	0	-99	-99	-99	-99	-99	-99	-99	-99	-99	-99	-99	-99	-99	-99
Local	PILA45_L	PILA	526	-99	4500	-99	115	-99	0	2017	2017	31	4.8	0	-99	-99	-99	-99	-99	-99	-99	-99	-99	-99	-99	-99	-99	-99
Local	PILA45_L	PILA	526	-99	4500	-99	116	-99	0	2017	2017	16.5	2.7	0	-99	-99	-99	-99	-99	-99	-99	-99	-99	-99	-99	-99	-99	-99
Local	PILA45_L	PILA	526	-99	4500	-99	117	-99	0	2017	2017	-99	-99	-99	-99	-99	-99	-99	-99	-99	-99	-99	-99	-99	-99	-99	-99	-99
Local	PILA45_L	PILA	526	-99	4500	-99	120	-99	0	2017	2017	15.5	3	0	-99	-99	-99	-99	-99	-99	-99	-99	-99	-99	-99	-99	-99	-99
Local	PILA45_L	PILA	526	-99	4500	-99	127	-99	0	2017	2017	-99	-99	-99	-99	-99	-99	-99	-99	-99	-99	-99	-99	-99	-99	-99	-99	-99
Local	PILA45_L	PILA	526	-99	4500	-99	129	-99	0	2017	2017	-99	-99	-99	-99	-99	-99	-99	-99	-99	-99	-99	-99	-99	-99	-99	-99	-99
Local	PILA45_L	PILA	526	-99	4500	-99	132	-99	0	2017	2017	10	2.2	0	-99	-99	-99	-99	-99	-99	-99	-99	-99	-99	-99	-99	-99	-99
Local	PILA45_L	PILA	526	-99	4500	-99	134	-99	0	2017	2017	10	2.6	0	-99	-99	-99	-99	-99	-99	-99	-99	-99	-99	-99	-99	-99	-99
Local	PILA45_L	PILA	526	-99	4500	-99	135	-99	0	2017	2017	15	3.2	0	-99	-99	-99	-99	-99	-99	-99	-99	-99	-99	-99	-99	-99	-99
Local	PILA45_L	PILA	526	-99	4500	-99	142	-99	0	2017	2017	11.5	2.4	0	-99	-99	-99	-99	-99	-99	-99	-99	-99	-99	-99	-99	-99	-99
Local	PILA45_L	PILA	526	-99	4500	-99	144	-99	0	2017	2017	-99	-99	-99	-99	-99	-99	-99	-99	-99	-99	-99	-99	-99	-99	-99	-99	-99
Local	PILA45_L	PILA	526	-99	4500	-99	176	-99	0	2017	2017	-99	-99	-99	-99	-99	-99	-99	-99	-99	-99	-99	-99	-99	-99	-99	-99	-99
Local	PILA45_L	PILA	526	-99	4500	-99	181	-99	0	2017	2017	-99	-99	-99	-99	-99	-99	-99	-99	-99	-99	-99	-99	-99	-99	-99	-99	-99
Local	PILA45_L	PILA	526	-99	4500	-99	182	-99	0	2017	2017	-99	-99	0	-99	-99	-99	-99	-99	-99	-99	-99	-99	-99	-99	-99	-99	-99
Local	PILA45_L	PILA	526	-99	4500	-99	199	-99	0	2017	2017	18	2.5	0	-99	-99	-99	-99	-99	-99	-99	-99	-99	-99	-99	-99	-99	-99
Local	PILA45_L	PILA	526	-99	4500	-99	225	-99	0	2017	2017	-99	-99	-99	-99	-99	-99	-99	-99	-99	-99	-99	-99	-99	-99	-99	-99	-99
Local	PILA45_L	PILA	526	-99	4500	-99	226	-99	0	2017	2017	15	2.7	0	-99	-99	-99	-99	-99	-99	-99	-99	-99	-99	-99	-99	-99	-99
Local	PILA45_L	PILA	526	-99	4500	-99	228	-99	0	2017	2017	13	3.2	0	-99	-99	-99	-99	-99	-99	-99	-99	-99	-99	-99	-99	-99	-99
Local	PILA45_L	PILA	526	-99	4500	-99	237	-99	0	2017	2017	-99	-99	-99	-99	-99	-99	-99	-99	-99	-99	-99	-99	-99	-99	-99	-99	-99
Local	PILA45_L	PILA	526	-99	4500	-99	241	-99	0	2017	2017	6.5	-99	-99	-99	-99	-99	-99	-99	-99	-99	-99	-99	-99	-99	-99	-99	-99
Local	PILA45_L	PILA	526	-99	4500	-99	249	-99	0	2017	2017	-99	-99	-99	-99	-99	-99	-99	-99	-99	-99	-99	-99	-99	-99	-99	-99	-99
Local	PILA45_L	PILA	526	-99	4500	-99	252	-99	0	2017	2017	23	3	0	-99	-99	-99	-99	-99	-99	-99	-99	-99	-99	-99	-99	-99	-99
Local	PILA45_L	PILA	526	-99	4500	-99	255	-99	0	2017	2017	13	2.6	0	-99	-99	-99	-99	-99	-99	-99	-99	-99	-99	-99	-99	-99	-99
Local	PILA45_L	PILA	526	-99	4500	-99	256	-99	0	2017	2017	-99	-99	-99	-99	-99	-99	-99	-99	-99	-99	-99	-99	-99	-99	-99	-99	-99
Local	PILA45_L	PILA	526	-99	4500	-99	258	-99	0	2017	2017	15	3	0	-99	-99	-99	-99	-99	-99	-99	-99	-99	-99	-99	-99	-99	-99
Local	PILA45_L	PILA	526	-99	4500	-99	260	-99	0	2017	2017	-99	-99	-99	-99	-99	-99	-99	-99	-99	-99	-99	-99	-99	-99	-99	-99	-99
Local	PILA45_L	PILA	526	-99	4500	-99	263	-99	0	2017	2017	-99	-99	-99	-99	-99	-99	-99	-99	-99	-99	-99	-99	-99	-99	-99	-99	-99
Local	PILA45_L	PILA	526	-99	4500	-99	271	-99	0	2017	2017	12.5	4.1	0	-99	-99	-99	-99	-99	-99	-99	-99	-99	-99	-99	-99	-99	-99
Local	PILA45_L	PILA	526	-99	4500	-99	275	-99	0	2017	2017	34.5	4.4	-99	-99	-99	-99	-99	-99	-99	-99	-99	-99	-99	-99	-99	-99	-99
Local	PILA45_L	PILA	526	-99	4500	-99	315	-99	0	2017	2017	-99	-99	-99	-99	-99	-99	-99	-99	-99	-99	-99	-99	-99	-99	-99	-99	-99
Local	PILA45_L	PILA	526	-99	4500	-99	1	-99	0	2017	2017	-99	-99	-99	-99	-99	-99	-99	-99	-99	-99	-99	-99	-99	-99	-99	-99	-99
Local	PILA45_L	PILA	526	-99	4500	-99	8	-99	0	2017	2017	-99	-99	-99	-99	-99	-99	-99	-99	-99	-99	-99	-99	-99	-99	-99	-99	-99
Local	PILA45_L	PILA	526	-99	4500	-99	10	-99	0	2017	2017	-99	-99	-99	-99	-99	-99	-99	-99	-99	-99	-99	-99	-99	-99	-99	-99	-99
Local	PILA45_L	PILA	526	-99	4500	-99	11	-99	0	2017	2017	-99	-99	-99	-99	-99	-99	-99	-99	-99	-99	-99	-99	-99	-99	-99	-99	-99
Local	PILA45_L	PILA	526	-99	4500	-99	13	-99	0	2017	2017	-99	-99	-99	-99	-99	-99	-99	-99	-99	-99	-99	-99	-99	-99	-99	-99	-99
Local	PILA45_L	PILA	526	-99	4500	-99	43	-99	0	2017	2017	-99	-99	-99	-99	-99	-99	-99	-99	-99	-99	-99	-99	-99	-99	-99	-99	-99
Local	PILA45_L	PILA	526	-99	4500	-99	84	-99	0	2017	2017	-99	-99	-99	-99	-99	-99	-99	-99	-99	-99	-99	-99	-99	-99	-99	-99	-99
Local	PILA45_L	PILA	526	-99	4500	-99	90	-99	0	2017	2017	-99	-99	-99	-99	-99	-99	-99	-99	-99	-99	-99	-99	-99	-99	-99	-99	-99
Local	PILA45_L	PILA	526	-99	4500	-99	94	-99	0	2017	2017	-99	-99	-99	-99	-99	-99	-99	-99	-99	-99	-99	-99	-99	-99	-99	-99	-99
Local	PILA45_L	PILA	526	-99	4500	-99	101	-99	0	2017	2017	-99	-99	-99	-99	-99	-99	-99	-99	-99	-99	-99	-99	-99	-99	-99	-99	-99
Local	PILA45_L	PILA	526	-99	4500	-99	103	-99	0	2017	2017	-99	-99	-99	-99	-99	-99	-99	-99	-99	-99	-99	-99	-99	-99	-99	-99	-99
Local	PILA45_L	PILA	526	-99	4500	-99	109	-99	0	2017	2017	-99	-99	-99	-99	-99	-99	-99	-99	-99	-99	-99	-99	-99	-99	-99	-99	-99
Local	PILA45_L	PILA	526	-99	4500	-99	121	-99	0	2017	2017	-99	-99	-99	-99	-99	-99	-99	-99	-99	-99	-99	-99	-99	-99	-99	-99	-99
Local	PILA45_L	PILA	526	-99	4500	-99	124	-99	0	2017	2017	-99	-99	-99	-99	-99	-99	-99	-99	-99	-99	-99	-99	-99	-99	-99	-99	-99
Local	PILA45_L	PILA	526	-99	4500	-99	187	-99	0	2017	2017	-99	-99	-99	-99	-99	-99	-99	-99	-99	-99	-99	-99	-99	-99	-99	-99	-99
Local	PILA45_L	PILA	526	-99	4500	-99	191	-99	0	2017	2017	-99	-99	-99	-99	-99	-99	-99	-99	-99	-99	-99	-99	-99	-99	-99	-99	-99
Local	PILA45_L	PILA	526	-99	4500	-99	239	-99	0	2017	2017	-99	-99	-99	-99	-99	-99	-99	-99	-99	-99	-99	-99	-99	-99	-99	-99	-99
Local	PILA45_L	PILA	526	-99	4500	-99	251	-99	0	2017	2017	-99	-99	-99	-99	-99	-99	-99	-99	-99	-99	-99	-99	-99	-99	-99	-99	-99
Local	PILA45_L	PILA	526	-99	4500	-99	267	-99	0	2017	2017	-99	-99	-99	-99	-99	-99	-99	-99	-99	-99	-99	-99	-99	-99	-99	-99	-99
Local	PILA45_L	PILA	526	-99	4500	-99	276	-99	0	2017	2017	-99	-99	-99	-99	-99	-99	-99	-99	-99	-99	-99	-99	-99	-99	-99	-99	-99
Local	PILA45_L	PILA	526	-99	4500	-99	278	-99	0	2017	2017	-99	-99	-99	-99	-99	-99	-99	-99	-99	-99	-99	-99	-99	-99	-99	-99	-99
Local	PILA45_L	PILA	526	-99	4500	-99	279	-99	0	2017	2017	-99	-99	-99	-99	-99	-99	-99	-99	-99	-99	-99	-99	-99	-99	-99	-99	-99
Local	PILA45_L	PILA	526	-99	4500	-99	280	-99	0	2017	2017	-99	-99	-99	-99	-99	-99	-99	-99	-99	-99	-99	-99	-99	-99	-99	-99	-99
Local	PILA45_L	PILA	526	-99	4500	-99	281	-99	0	2017	2017	-99	-99	-99	-99	-99	-99	-99	-99	-99	-99	-99	-99	-99	-99	-99	-99	-99
Local	PILA45_L	PILA	526	-99	4500	-99	289	-99	0	2017	2017	-99	-99	-99	-99	-99	-99	-99	-99	-99	-99	-99	-99	-99	-99	-99	-99	-99
Local	PILA45_L	PILA	526	-99	4500	-99	291	-99	0	2017	2017	-99	-99	-99	-99	-99	-99	-99	-99	-99	-99	-99	-99	-99	-99	-99	-99	-99
Local	PILA45_L	PILA	526	-99	4500	-99	292	-99	0	2017	2017	-99	-99	-99	-99	-99	-99	-99	-99	-99	-99	-99	-99	-99	-99	-99	-99	-99
Local	PILA45_L	PILA	526	-99	4500	-99	294	-99	0	2017	2017	-99	-99	-99	-99	-99	-99	-99	-99	-99	-99	-99	-99	-99	-99	-99	-99	-99
Local	PILA45_L	PILA	526	-99	4500	-99	295	-99	0	2017	2017	-99	-99	-99	-99	-99	-99	-99	-99	-99	-99	-99	-99	-99	-99	-99	-99	-99
Local	PILA45_L	PILA	526	-99	4500	-99	297	-99	0	2017	2017	-99	-99	-99	-99	-99	-99	-99	-99	-99	-99	-99	-99	-99	-99	-99	-99	-99
Local	PILA45_L	PILA	526	-99	4500	-99	298	-99	0	2017	2017	-99	-99	-99	-99	-99	-99	-99	-99	-99	-99	-99	-99	-99	-99	-99	-99	-99
Local	PILA45_L	PILA	526	-99	4500	-99	299	-99	0	2017	2017	-99	-99	-99	-99	-99	-99	-99	-99	-99	-99	-99	-99	-99	-99	-99	-99	-99
Local	PILA45_L	PILA	526	-99	4500	-99	300	-99	0	2017	2017	-99	-99	-99	-99	-99	-99	-99	-99	-99	-99	-99	-99	-99	-99	-99	-99	-99
Local	PILA45_L	PILA	526	-99	4500	-99	301	-99	0	2017	2017	-99	-99	-99	-99	-99	-99	-99	-99	-99	-99	-99	-99	-99	-99	-99	-99	-99
Local	PILA45_L	PILA	526	-99	4500	-99	304	-99	0	2017	2017	-99	-99	-99	-99	-99	-99	-99	-99	-99	-99	-99	-99	-99	-99	-99	-99	-99
Local	PILA45_L	PILA	526	-99	4500	-99	305	-99	0	2017	2017	-99	-99	-99	-99	-99	-99	-99	-99	-99	-99	-99	-99	-99	-99	-99	-99	-99
Local	PILA45_L	PILA	526	-99	4500	-99	306	-99	0	2017	2017	-99	-99	-99	-99	-99	-99	-99	-99	-99	-99	-99	-99	-99	-99	-99	-99	-99
Local	PILA45_L	PILA	526	-99	4500	-99	307	-99	0	2017	2017	-99	-99	-99	-99	-99	-99	-99	-99	-99	-99	-99	-99	-99	-99	-99	-99	-99
Local	PILA45_L	PILA	526	-99	4500	-99	308	-99	0	2017	2017	-99	-99	-99	-99	-99	-99	-99	-99	-99	-99	-99	-99	-99	-99	-99	-99	-99
Local	PILA45_L	PILA	526	-99	4500	-99	309	-99	0	2017	2017	-99	-99	-99	-99	-99	-99	-99	-99	-99	-99	-99	-99	-99	-99	-99	-99	-99
Local	PILA45_L	PILA	526	-99	4500	-99	310	-99	0	2017	2017	-99	-99	-99	-99	-99	-99	-99	-99	-99	-99	-99	-99	-99	-99	-99	-99	-99
Local	PILA45_L	PILA	526	-99	4500	-99	311	-99	0	2017	2017	-99	-99	-99	-99	-99	-99	-99	-99	-99	-99	-99	-99	-99	-99	-99	-99	-99
Local	PILA45_L	PILA	526	-99	4500	-99	312	-99	0	2017	2017	-99	-99	-99	-99	-99	-99	-99	-99	-99	-99	-99	-99	-99	-99	-99	-99	-99
Local	PILA45_L	PILA	526	-99	4500	-99	313	-99	0	2017	2017	-99	-99	-99	-99	-99	-99	-99	-99	-99	-99	-99	-99	-99	-99	-99	-99	-99
Local	PILA45_L	PILA	526	-99	4500	-99	314	-99	0	2017	2017	-99	-99	-99	-99	-99	-99	-99	-99	-99	-99	-99	-99	-99	-99	-99	-99	-99
Local	PILA45_L	PILA	526	-99	4500	-99	316	-99	0	2017	2017	-99	-99	-99	-99	-99	-99	-99	-99	-99	-99	-99	-99	-99	-99	-99	-99	-99
Local	PILA45_L	PILA	526	-99	4500	-99	317	-99	0	2017	2017	-99	-99	-99	-99	-99	-99	-99	-99	-99	-99	-99	-99	-99	-99	-99	-99	-99
Local	PILA45_L	PILA	526	-99	4500	-99	318	-99	0	2017	2017	-99	-99	-99	-99	-99	-99	-99	-99	-99	-99	-99	-99	-99	-99	-99	-99	-99
Local	PILA45_L	PILA	526	-99	4500	-99	37	117	0	2017	2017	-99	-99	-99	-99	-99	-99	-99	-99	-99	-99	-99	-99	-99	-99	-99	-99	-99
Local	PILA45_L	PILA	526	-99	4500	-99	25	396	0	2017	2017	-99	-99	-99	-99	-99	-99	-99	-99	-99	-99	-99	-99	-99	-99	-99	-99	-99
Local	PILA45_L	PILA	526	-99	4500	-99	73	486	0	2017	2017	-99	-99	-99	-99	-99	-99	-99	-99	-99	-99	-99	-99	-99	-99	-99	-99	-99
Local	PILA45_L	PILA	526	-99	4500	-99	102	660	0	2017	2018	15	3	75	-99	-99	-99	-99	-99	-99	-99	-99	-99	-99	-99	-99	-99	-99
Local	PILA45_L	PILA	526	-99	4500	-99	235	700	0	2017	2018	18	3.5	75	-99	-99	-99	-99	-99	-99	-99	-99	-99	-99	-99	-99	-99	-99
Local	PILA45_L	PILA	526	-99	4500	-99	130	788	0	2017	2018	12.5	3.7	100	-99	-99	-99	-99	-99	-99	-99	-99	-99	-99	-99	-99	-99	-99
Local	PILA45_L	PILA	526	-99	4500	-99	31	-99	0	2017	2018	-99	-99	-99	31	6.83	-99	-99	-99	-99	-99	-99	-99	-99	-99	-99	-99	-99
Local	PILA45_L	PILA	526	-99	4500	-99	95	-99	0	2017	2018	-99	-99	-99	47	18.96	-99	-99	-99	-99	-99	-99	-99	-99	-99	-99	-99	-99
Local	PILA45_L	PILA	526	-99	4500	-99	6	-99	0	2017	2018	37	8.4	75	-99	-99	-99	-99	-99	-99	-99	-99	-99	-99	-99	-99	-99	-99
Local	PILA45_L	PILA	526	-99	4500	-99	12	-99	0	2017	2018	18.5	3.7	100	-99	-99	-99	-99	-99	-99	-99	-99	-99	-99	-99	-99	-99	-99
Local	PILA45_L	PILA	526	-99	4500	-99	16	-99	0	2017	2018	-99	2.8	100	-99	-99	-99	-99	-99	-99	-99	-99	-99	-99	-99	-99	-99	-99
Local	PILA45_L	PILA	526	-99	4500	-99	20	-99	0	2017	2018	28	3.8	75	-99	-99	-99	-99	-99	-99	-99	-99	-99	-99	-99	-99	-99	-99
Local	PILA45_L	PILA	526	-99	4500	-99	22	-99	0	2017	2018	16.7	4.7	100	-99	-99	-99	-99	-99	-99	-99	-99	-99	-99	-99	-99	-99	-99
Local	PILA45_L	PILA	526	-99	4500	-99	28	-99	0	2017	2018	24.5	3.4	75	-99	-99	-99	-99	-99	-99	-99	-99	-99	-99	-99	-99	-99	-99
Local	PILA45_L	PILA	526	-99	4500	-99	30	-99	0	2017	2018	19	4.6	75	-99	-99	-99	-99	-99	-99	-99	-99	-99	-99	-99	-99	-99	-99
Local	PILA45_L	PILA	526	-99	4500	-99	114	-99	0	2017	2018	17	3.6	75	-99	-99	-99	-99	-99	-99	-99	-99	-99	-99	-99	-99	-99	-99
Local	PILA45_L	PILA	526	-99	4500	-99	128	-99	0	2017	2018	13.5	3.2	100	-99	-99	-99	-99	-99	-99	-99	-99	-99	-99	-99	-99	-99	-99
Local	PILA45_L	PILA	526	-99	4500	-99	141	-99	0	2017	2018	12.5	3.6	100	-99	-99	-99	-99	-99	-99	-99	-99	-99	-99	-99	-99	-99	-99
Local	PILA45_L	PILA	526	-99	4500	-99	154	-99	0	2017	2018	22.5	4.6	100	-99	-99	-99	-99	-99	-99	-99	-99	-99	-99	-99	-99	-99	-99
Local	PILA45_L	PILA	526	-99	4500	-99	166	-99	0	2017	2018	29	4.2	100	-99	-99	-99	-99	-99	-99	-99	-99	-99	-99	-99	-99	-99	-99
Local	PILA45_L	PILA	526	-99	4500	-99	167	-99	0	2017	2018	14.5	2.1	100	-99	-99	-99	-99	-99	-99	-99	-99	-99	-99	-99	-99	-99	-99
Local	PILA45_L	PILA	526	-99	4500	-99	196	-99	0	2017	2018	19.5	4.2	75	-99	-99	-99	-99	-99	-99	-99	-99	-99	-99	-99	-99	-99	-99
Local	PILA45_L	PILA	526	-99	4500	-99	210	-99	0	2017	2018	12.5	2.3	100	-99	-99	-99	-99	-99	-99	-99	-99	-99	-99	-99	-99	-99	-99
Local	PILA45_L	PILA	526	-99	4500	-99	227	-99	0	2017	2018	11.5	3.3	100	-99	-99	-99	-99	-99	-99	-99	-99	-99	-99	-99	-99	-99	-99
Local	PILA45_L	PILA	526	-99	4500	-99	245	-99	0	2017	2018	14.5	3.8	75	-99	-99	-99	-99	-99	-99	-99	-99	-99	-99	-99	-99	-99	-99
Local	PILA45_L	PILA	526	-99	4500	-99	246	-99	0	2017	2018	15	2.3	100	-99	-99	-99	-99	-99	-99	-99	-99	-99	-99	-99	-99	-99	-99
Local	PILA45_L	PILA	526	-99	4500	-99	265	-99	0	2017	2018	17	3.9	100	-99	-99	-99	-99	-99	-99	-99	-99	-99	-99	-99	-99	-99	-99
Local	PILA45_L	PILA	526	-99	4500	-99	266	-99	0	2017	2018	10.5	3.9	75	-99	-99	-99	-99	-99	-99	-99	-99	-99	-99	-99	-99	-99	-99
Local	PILA45_L	PILA	526	-99	4500	-99	272	-99	0	2017	2018	16	2.9	100	-99	-99	-99	-99	-99	-99	-99	-99	-99	-99	-99	-99	-99	-99
Local	PILA45_L	PILA	526	-99	4500	-99	282	-99	0	2017	2017	12.5	3.6	50	-99	-99	-99	-99	-99	-99	-99	-99	-99	-99	-99	-99	-99	-99
Local	PILA45_L	PILA	526	-99	4500	-99	283	-99	0	2017	2018	16.5	3.6	100	-99	-99	-99	-99	-99	-99	-99	-99	-99	-99	-99	-99	-99	-99
Local	PILA45_L	PILA	526	-99	4500	-99	284	-99	0	2017	2018	15.5	3.8	100	-99	-99	-99	-99	-99	-99	-99	-99	-99	-99	-99	-99	-99	-99
Local	PILA45_L	PILA	526	-99	4500	-99	287	-99	0	2017	2018	16	5.7	25	-99	-99	-99	-99	-99	-99	-99	-99	-99	-99	-99	-99	-99	-99
Local	PILA45_L	PILA	526	-99	4500	-99	44	224	0	2017	2019	17	3.7	75	23	7.08	100	-99	-99	-99	-99	-99	-99	-99	-99	-99	-99	-99
Local	PILA45_L	PILA	526	-99	4500	-99	51	232	0	2017	2019	-99	-99	-99	19	3.98	75	-99	-99	-99	-99	-99	-99	-99	-99	-99	-99	-99
Local	PILA45_L	PILA	526	-99	4500	-99	229	585	0	2017	2019	-99	-99	-99	21	4.19	100	-99	-99	-99	-99	-99	-99	-99	-99	-99	-99	-99
Local	PILA45_L	PILA	526	-99	4500	-99	221	602	0	2017	2018	-99	-99	-99	21	7.14	-99	-99	-99	-99	-99	-99	-99	-99	-99	-99	-99	-99
Local	PILA45_L	PILA	526	-99	4500	-99	137	642	0	2017	2019	-99	-99	-99	17	6.11	75	-99	-99	-99	-99	-99	-99	-99	-99	-99	-99	-99
Local	PILA45_L	PILA	526	-99	4500	-99	19	718	0	2017	2018	17	3.4	75	18	4.85	-99	-99	-99	-99	-99	-99	-99	-99	-99	-99	-99	-99
Local	PILA45_L	PILA	526	-99	4500	-99	288	748	0	2017	2020	13	2.9	75	15	3.58	100	-99	-99	-99	-99	-99	-99	-99	-99	-99	-99	-99
Local	PILA45_L	PILA	526	-99	4500	-99	285	302/802	0	2017	2020	8.5	3.8	50	14	6.79	100	-99	-99	-99	-99	-99	-99	-99	-99	-99	-99	-99
Local	PILA45_L	PILA	526	-99	4500	-99	29	389/250	0	2017	2020	-99	-99	-99	7	3.24	100	-99	-99	-99	-99	-99	-99	-99	-99	-99	-99	-99
Local	PILA45_L	PILA	526	-99	4500	-99	231	605/231	0	2017	2020	13	3.4	75	14	4.69	100	-99	-99	-99	-99	-99	-99	-99	-99	-99	-99	-99
Local	PILA45_L	PILA	526	-99	4500	-99	4	-99	0	2017	2019	-99	-99	-99	40	15.67	100	-99	-99	-99	-99	-99	-99	-99	-99	-99	-99	-99
Local	PILA45_L	PILA	526	-99	4500	-99	18	-99	0	2017	2019	-99	-99	-99	31	7.72	100	-99	-99	-99	-99	-99	-99	-99	-99	-99	-99	-99
Local	PILA45_L	PILA	526	-99	4500	-99	24	-99	0	2017	2019	26	4.7	75	33	7.3	100	-99	-99	-99	-99	-99	-99	-99	-99	-99	-99	-99
Local	PILA45_L	PILA	526	-99	4500	-99	41	-99	0	2017	2019	-99	-99	-99	30	9.21	100	-99	-99	-99	-99	-99	-99	-99	-99	-99	-99	-99
Local	PILA45_L	PILA	526	-99	4500	-99	61	-99	0	2017	2019	-99	-99	-99	45	12.23	100	-99	-99	-99	-99	-99	-99	-99	-99	-99	-99	-99
Local	PILA45_L	PILA	526	-99	4500	-99	62	-99	0	2017	2019	-99	-99	-99	40	11.05	100	-99	-99	-99	-99	-99	-99	-99	-99	-99	-99	-99
Local	PILA45_L	PILA	526	-99	4500	-99	71	-99	0	2017	2019	-99	-99	-99	17	5.2	100	-99	-99	-99	-99	-99	-99	-99	-99	-99	-99	-99
Local	PILA45_L	PILA	526	-99	4500	-99	72	-99	0	2017	2019	19	4.2	50	23	5.77	100	-99	-99	-99	-99	-99	-99	-99	-99	-99	-99	-99
Local	PILA45_L	PILA	526	-99	4500	-99	150	-99	0	2017	2019	12	3.3	100	22	7.07	100	-99	-99	-99	-99	-99	-99	-99	-99	-99	-99	-99
Local	PILA45_L	PILA	526	-99	4500	-99	151	-99	0	2017	2019	25.5	7.9	100	51	18.76	100	-99	-99	-99	-99	-99	-99	-99	-99	-99	-99	-99
Local	PILA45_L	PILA	526	-99	4500	-99	152	-99	0	2017	2019	-99	-99	-99	20	5.6	100	-99	-99	-99	-99	-99	-99	-99	-99	-99	-99	-99
Local	PILA45_L	PILA	526	-99	4500	-99	153	-99	0	2017	2019	15.5	3.6	100	18	4.7	100	-99	-99	-99	-99	-99	-99	-99	-99	-99	-99	-99
Local	PILA45_L	PILA	526	-99	4500	-99	155	-99	0	2017	2019	10.5	3.5	100	28	7.85	100	-99	-99	-99	-99	-99	-99	-99	-99	-99	-99	-99
Local	PILA45_L	PILA	526	-99	4500	-99	156	-99	0	2017	2019	12.5	3.4	100	16	5.77	100	-99	-99	-99	-99	-99	-99	-99	-99	-99	-99	-99
Local	PILA45_L	PILA	526	-99	4500	-99	157	-99	0	2017	2019	17.5	3.8	75	30	6.62	100	-99	-99	-99	-99	-99	-99	-99	-99	-99	-99	-99
Local	PILA45_L	PILA	526	-99	4500	-99	188	-99	0	2017	2019	-99	-99	-99	12	4.11	100	-99	-99	-99	-99	-99	-99	-99	-99	-99	-99	-99
Local	PILA45_L	PILA	526	-99	4500	-99	193	-99	0	2017	2019	-99	-99	-99	23	4.12	100	-99	-99	-99	-99	-99	-99	-99	-99	-99	-99	-99
Local	PILA45_L	PILA	526	-99	4500	-99	194	-99	0	2017	2019	25	6.6	100	39	13.3	100	-99	-99	-99	-99	-99	-99	-99	-99	-99	-99	-99
Local	PILA45_L	PILA	526	-99	4500	-99	207	-99	0	2017	2019	19.5	3.4	50	20	5.27	100	-99	-99	-99	-99	-99	-99	-99	-99	-99	-99	-99
Local	PILA45_L	PILA	526	-99	4500	-99	214	-99	0	2017	2018	11.5	4.5	50	24	5.15	50	-99	-99	-99	-99	-99	-99	-99	-99	-99	-99	-99
Local	PILA45_L	PILA	526	-99	4500	-99	233	-99	0	2017	2019	13.5	4.2	100	23	6.58	100	-99	-99	-99	-99	-99	-99	-99	-99	-99	-99	-99
Local	PILA45_L	PILA	526	-99	4500	-99	261	-99	0	2017	2019	-99	-99	-99	15	4.3	100	-99	-99	-99	-99	-99	-99	-99	-99	-99	-99	-99
Local	PILA45_L	PILA	526	-99	4500	-99	270	-99	0	2017	2019	-99	-99	-99	18	6.65	100	-99	-99	-99	-99	-99	-99	-99	-99	-99	-99	-99
Local	PILA45_L	PILA	526	-99	4500	-99	113	-99	0	2017	2019	-99	-99	-99	36	9.86	100	-99	-99	-99	-99	-99	-99	-99	-99	-99	-99	-99
Local	PILA45_L	PILA	526	-99	4500	-99	76	498	0	2017	2020	16.5	3.7	75	20	5.54	100	-99	-99	-99	-99	-99	-99	-99	-99	-99	-99	-99
Local	PILA45_L	PILA	526	-99	4500	-99	163	501	0	2017	2020	-99	-99	-99	13	3.75	100	-99	-99	-99	-99	-99	-99	-99	-99	-99	-99	-99
Local	PILA45_L	PILA	526	-99	4500	-99	164	510	0	2017	2020	-99	-99	-99	20	7.05	100	-99	-99	-99	-99	-99	-99	-99	-99	-99	-99	-99
Local	PILA45_L	PILA	526	-99	4500	-99	250	582	0	2017	2019	15	4.1	50	14	4.19	50	-99	-99	-99	-99	-99	-99	-99	-99	-99	-99	-99
Local	PILA45_L	PILA	526	-99	4500	-99	173	726	0	2017	2020	11.5	3.2	100	23	5.35	100	-99	-99	-99	-99	-99	-99	-99	-99	-99	-99	-99
Local	PILA45_L	PILA	526	-99	4500	-99	147	773	0	2017	2019	14	3.8	75	17	5.35	-99	-99	-99	-99	-99	-99	-99	-99	-99	-99	-99	-99
Local	PILA45_L	PILA	526	-99	4500	-99	149	795	0	2017	2020	12	3.4	75	17	4.24	100	-99	-99	-99	-99	-99	-99	-99	-99	-99	-99	-99
Local	PILA45_L	PILA	526	-99	4500	-99	254	730/520	0	2017	2019	19	3	25	16	3.59	50	-99	-99	-99	-99	-99	-99	-99	-99	-99	-99	-99
Local	PILA45_L	PILA	526	-99	4500	-99	75	195	0	2017	2020	11.5	3.1	75	14	4.12	100	20	4.46	50	-99	-99	-99	0	-99	-99	-99	-99
Local	PILA45_L	PILA	526	-99	4500	-99	60	227	0	2017	2020	-99	-99	-99	19	5.45	100	-99	-99	-99	-99	-99	-99	-99	-99	-99	-99	-99
Local	PILA45_L	PILA	526	-99	4500	-99	56	233	0	2017	2020	15	3.3	100	19	6.39	85	27	8.47	100	-99	-99	-99	0	-99	-99	-99	-99
Local	PILA45_L	PILA	526	-99	4500	-99	47	237	0	2017	2020	-99	-99	-99	25	8.23	100	16	6.11	50	-99	-99	-99	0	-99	-99	-99	
Local	PILA45_L	PILA	526	-99	4500	-99	57	480	0	2017	2020	13.5	3.9	100	17	4.33	100	18	5.01	75	-99	-99	-99	0	-99	-99	-99	
Local	PILA45_L	PILA	526	-99	4500	-99	91	72	0	2017	2020	-99	-99	-99	19	4.52	-99	23	4.12	75	-99	-99	-99	-99	-99	-99	-99	-99
Local	PILA45_L	PILA	526	-99	4500	-99	82	75	0	2017	2020	19	3.4	75	23	4.46	75	26.5	5.27	100	-99	-99	-99	-99	-99	-99	-99	-99
Local	PILA45_L	PILA	526	-99	4500	-99	125	349	0	2017	2020	-99	-99	-99	17	2.9	-99	13	3.96	100	-99	-99	-99	0	-99	-99	-99	-99
Local	PILA45_L	PILA	526	-99	4500	-99	126	355	0	2017	2020	-99	-99	-99	22	5.28	-99	21	10.91	100	-99	-99	-99	0	-99	-99	-99	-99
Local	PILA45_L	PILA	526	-99	4500	-99	66	447	0	2017	2020	15.5	4	75	22	6.46	100	-99	-99	-99	-99	-99	-99	-99	-99	-99	-99	-99
Local	PILA45_L	PILA	526	-99	4500	-99	63	475	0	2017	2020	-99	-99	-99	36	15.39	100	45	16.03	100	-99	-99	-99	0	-99	-99	-99	-99
Local	PILA45_L	PILA	526	-99	4500	-99	146	511	0	2017	2020	11	3.5	100	14	4.31	100	15.5	5.82	100	-99	-99	-99	0	-99	-99	-99	-99
Local	PILA45_L	PILA	526	-99	4500	-99	273	515	0	2017	2020	16	3.8	100	16	6.18	100	20	6.18	100	-99	-99	-99	0	-99	-99	-99	-99
Local	PILA45_L	PILA	526	-99	4500	-99	172	516	0	2017	2020	-99	-99	-99	23	7.97	100	30	11.62	100	-99	-99	-99	0	-99	-99	-99	-99
Local	PILA45_L	PILA	526	-99	4500	-99	165	517	0	2017	2020	-99	-99	-99	12	5.97	50	12	8.52	75	-99	-99	-99	0	-99	-99	-99	-99
Local	PILA45_L	PILA	526	-99	4500	-99	274	518	0	2017	2020	12.5	2.4	50	18	4.16	100	19	5.9	100	-99	-99	-99	0	-99	-99	0	5
Local	PILA45_L	PILA	526	-99	4500	-99	224	574	0	2017	2020	16	3.9	100	23	6.3	100	28.5	7.99	100	-99	-99	-99	0	-99	-99	-99	-99
Local	PILA45_L	PILA	526	-99	4500	-99	175	579	0	2017	2020	16.5	4.3	100	38	7.64	100	41.5	11.73	100	-99	-99	-99	0	-99	-99	-99	-99
Local	PILA45_L	PILA	526	-99	4500	-99	253	600	0	2017	2020	-99	-99	-99	14	3.3	50	20	3.84	100	-99	-99	-99	0	-99	-99	-99	-99
Local	PILA45_L	PILA	526	-99	4500	-99	192	613	0	2017	2020	12	3.6	50	20	5.68	100	15	7.31	75	-99	-99	-99	0	-99	-99	-99	-99
Local	PILA45_L	PILA	526	-99	4500	-99	104	656	0	2017	2020	-99	-99	-99	21	5.58	100	27	3.1	100	-99	-99	-99	0	-99	-99	-99	-99
Local	PILA45_L	PILA	526	-99	4500	-99	293	678	0	2017	2020	-99	-99	-99	-99	-99	-99	48	14.02	100	-99	-99	-99	0	-99	-99	-99	-99
Local	PILA45_L	PILA	526	-99	4500	-99	201	692	0	2017	2020	14	4.9	100	18	7.4	100	35	12.62	100	-99	-99	-99	0	-99	-99	-99	-99
Local	PILA45_L	PILA	526	-99	4500	-99	200	699	0	2017	2020	16	4.4	75	27	6.23	100	25	9.66	100	-99	-99	-99	-99	-99	-99	-99	-99
Local	PILA45_L	PILA	526	-99	4500	-99	177	727	0	2017	2020	14.5	3.6	100	5.3	15	100	27	17.5	100	-99	-99	-99	0	-99	-99	-99	-99
Local	PILA45_L	PILA	526	-99	4500	-99	303	759	0	2017	2020	-99	-99	-99	-99	-99	-99	23.5	5.71	100	-99	-99	-99	0	-99	-99	-99	-99
Local	PILA45_L	PILA	526	-99	4500	-99	123	774	0	2017	2020	16.5	5.1	100	20	5.26	100	28	7.24	100	-99	-99	-99	0	-99	-99	-99	-99
Local	PILA45_L	PILA	526	-99	4500	-99	145	777	0	2017	2020	17	3.4	100	21	4.7	100	28.5	5.48	100	-99	-99	-99	0	-99	-99	-99	-99
Local	PILA45_L	PILA	526	-99	4500	-99	148	789	0	2017	2020	-99	-99	-99	21	5.85	-99	25	8.99	100	-99	-99	-99	0	-99	-99	-99	-99
Local	PILA45_L	PILA	526	-99	4500	-99	118	797	0	2017	2020	-99	-99	-99	35	7.6	100	46	11.26	100	-99	-99	-99	0	-99	-99	-99	-99
Local	PILA45_L	PILA	526	-99	4500	-99	111	799	0	2017	2020	12.5	3.3	100	15	4.39	75	17	5.3	100	-99	-99	-99	0	-99	-99	-99	-99
Local	PILA45_L	PILA	526	-99	4500	-99	190	835	0	2017	2020	-99	-99	-99	8	2.75	75	7.5	4.49	100	-99	-99	-99	0	-99	-99	-99	-99
Local	PILA45_L	PILA	526	-99	4500	-99	-99	894	0	2017	2020	-99	-99	-99	-99	-99	-99	20.5	5.9	100	-99	-99	-99	0	-99	-99	-99	-99
Local	PILA45_L	PILA	526	-99	4500	-99	133	897	0	2017	2020	33.5	4.6	50	13	5.82	100	45	9.89	100	-99	-99	-99	0	-99	-99	-99	-99
Local	PILA45_L	PILA	526	-99	4500	-99	189	909	0	2017	2020	15	3.8	100	20	7.14	100	21	8.33	100	-99	-99	-99	0	-99	-99	-99	-99
Local	PILA45_L	PILA	526	-99	4500	-99	140	984	0	2017	2020	13	3.3	100	19	4.97	100	41	23.63	100	-99	-99	-99	0	-99	-99	-99	-99
Local	PILA45_L	PILA	526	-99	4500	-99	50	231	0	2017	2019	17	3.9	75	20	5.01	100	-99	-99	-99	-99	-99	-99	-99	22	5.6	0	5
Local	PILA45_L	PILA	526	-99	4500	-99	183	217	0	2017	2021	20	3.9	50	25	5.53	100	28	10.6	100	23	6.2	75	3	48.8	12.5	0	5
Local	PILA45_L	PILA	526	-99	4500	-99	319	218	1	2017	2021	-99	-99	-99	12	3.88	75	9	4.27	50	12	4.9	70	3	12	4.3	0	5
Local	PILA45_L	PILA	526	-99	4500	-99	55	245	1	2017	2021	-99	-99	-99	17	4.57	100	15	6.08	100	17.6	9.2	90	3	18.4	11.2	0	5
Local	PILA45_L	PILA	526	-99	4500	-99	38	249	0	2017	2021	9	3.8	100	15	5.58	100	19	6	100	16.5	7.4	10	3	17	15.8	0	5
Local	PILA45_L	PILA	526	-99	4500	-99	52	255	0	2017	2021	-99	-99	-99	18	4.3	100	19	7.85	100	17	6.8	80	3	20.8	5.8	0	5
Local	PILA45_L	PILA	526	-99	4500	-99	58	344	0	2017	2021	18	3.3	75	17	3.97	100	18	4.64	50	18	5	80	2	19	4.6	0	5
Local	PILA45_L	PILA	526	-99	4500	-99	136	654	0	2017	2021	-99	-99	-99	23	5.95	100	29	7.52	100	39	12.2	90	3	39	10.8	0	5
Local	PILA45_L	PILA	526	-99	4500	-99	195	829	0	2017	2021	15	4.2	100	21	5.45	100	11	6.46	100	23	5.9	100	3	24	9.3	0	5
Local	PILA45_L	PILA	526	-99	4500	-99	277	844	0	2017	2020	-99	-99	-99	-99	-99	-99	40.5	10.14	100	-99	-99	-99	0	53	23	0	5
Local	PILA45_L	PILA	526	-99	4500	-99	238	851	1	2017	2021	14.5	-99	-99	24	7.75	100	25	10.03	100	25	15.6	100	4	25	-99	0	5
Local	PILA45_L	PILA	526	-99	4500	-99	203	949	1	2017	2021	11	3.4	100	15	6.78	100	26	9.22	100	55	8.9	100	5	55.6	15.9	0	5
Local	PILA45_L	PILA	526	-99	4500	-99	247	742	0	2017	-99	14.5	2.9	75	-99	-99	-99	29.5	8.55	100	-99	-99	-99	0	42.2	16.9	50	5
Local	PILA45_L	PILA	526	-99	4500	-99	262	904	0	2017	-99	14	3.5	75	20	6.78	-99	-99	-99	-99	-99	-99	-99	-99	51.4	13.4	100	5
Local	PILA45_L	PILA	526	-99	4500	-99	2	3	0	2017	-99	-99	-99	-99	-99	-99	-99	-99	-99	-99	51	17.4	100	5	-99	-99	-99	-99
Local	PILA45_L	PILA	526	-99	4500	-99	3	5	0	2017	-99	-99	-99	-99	-99	-99	-99	-99	-99	-99	79.5	27.1	85	5	112.6	44.1	100	3
Local	PILA45_L	PILA	526	-99	4500	-99	5	10	0	2017	-99	-99	-99	-99	-99	-99	-99	-99	-99	-99	107.2	35.1	100	5	169.2	54.4	100	3
Local	PILA45_L	PILA	526	-99	4500	-99	79	53	0	2017	-99	-99	-99	-99	41	10.97	-99	48	13.69	75	52	19.2	90	5	-99	-99	-99	-99
Local	PILA45_L	PILA	526	-99	4500	-99	23	83	0	2017	-99	-99	-99	-99	15	4.25	100	17	4.83	50	17.5	5.2	70	3	-99	-99	-99	-99
Local	PILA45_L	PILA	526	-99	4500	-99	26	101	0	2017	-99	23	7	100	47	16.56	100	75	25.2	100	103	28.5	100	5	137.4	56	100	3
Local	PILA45_L	PILA	526	-99	4500	-99	54	104	1	2017	-99	25	4.5	100	-99	-99	-99	32	5.96	100	35.5	9.1	100	3	45	12.7	100	5
Local	PILA45_L	PILA	526	-99	4500	-99	27	107	0	2017	-99	33	5.7	75	-99	-99	-99	43	11.12	100	48	14.3	80	5	55.8	18.2	100	3
Local	PILA45_L	PILA	526	-99	4500	-99	7	118	0	2017	-99	-99	-99	-99	-99	-99	-99	-99	-99	-99	76	32.3	100	5	122.6	51.4	100	5
Local	PILA45_L	PILA	526	-99	4500	-99	36	119	0	2017	-99	-99	-99	-99	-99	-99	-99	36	8.57	100	38	11.9	80	3	64.4	14.7	100	5
Local	PILA45_L	PILA	526	-99	4500	-99	32	122	0	2017	-99	-99	-99	-99	46	19.68	100	63	29.63	100	103.7	39	100	5	133.2	84	100	3
Local	PILA45_L	PILA	526	-99	4500	-99	39	145	0	2017	-99	-99	-99	-99	-99	-99	-99	56.5	20.6	100	62	21.8	40	3	76.6	30.5	100	3
Local	PILA45_L	PILA	526	-99	4500	-99	70	185	0	2017	-99	32.5	6.4	100	49	10.5	100	56.5	12.98	100	58	18.8	90	5	94.2	34.5	100	3
Local	PILA45_L	PILA	526	-99	4500	-99	74	186	0	2017	-99	-99	-99	-99	33	8.91	100	42	13.59	100	57	25.3	100	5	-99	-99	-99	-99
Local	PILA45_L	PILA	526	-99	4500	-99	78	199	0	2017	-99	17	4.4	100	27	9.28	100	34	12.37	100	55	20.3	100	5	86.8	34	100	5
Local	PILA45_L	PILA	526	-99	4500	-99	77	200	0	2017	-99	14.5	5.5	100	22	7.5	100	39.5	12.66	100	61	13.3	90	5	97.2	31.8	100	5
Local	PILA45_L	PILA	526	-99	4500	-99	180	205	0	2017	-99	-99	-99	-99	9.7	26	100	47	18.12	100	67	21.5	70	5	82.8	29.3	100	5
Local	PILA45_L	PILA	526	-99	4500	-99	184	212	1	2017	-99	21	4.4	100	-99	-99	-99	61	13.8	100	89	19.3	100	5	98	22.5	85	3
Local	PILA45_L	PILA	526	-99	4500	-99	179	215	0	2017	-99	-99	-99	-99	-99	-99	-99	-99	-99	-99	84	15.7	95	5	103.8	28	100	5
Local	PILA45_L	PILA	526	-99	4500	-99	49	222	1	2017	-99	17.5	3.7	75	20	6.25	100	19	5.6	-99	23	8.2	80	2	30.4	10.9	100	5
Local	PILA45_L	PILA	526	-99	4500	-99	80	225	0	2017	-99	-99	-99	-99	34	15.27	100	79.5	20.48	-99	106	30.4	90	5	150.2	57	100	3
Local	PILA45_L	PILA	526	-99	4500	-99	35	242	1	2017	-99	-99	-99	-99	18	5.08	-99	18	6.1	100	27	10.8	90	3	35.2	12.7	100	5
Local	PILA45_L	PILA	526	-99	4500	-99	242	331	1	2017	-99	17	3.3	75	19	4.15	100	19	6.33	100	29	7.7	100	3	31.8	9.4	100	5
Local	PILA45_L	PILA	526	-99	4500	-99	211	336	0	2017	-99	-99	-99	-99	15	4.93	-99	13	6.99	100	28	12.2	90	3	-99	-99	-99	-99
Local	PILA45_L	PILA	526	-99	4500	-99	204	343	0	2017	-99	22	5.5	100	31	13.09	100	56	16.82	100	-99	-99	-99	0	93.2	26.1	50	5
Local	PILA45_L	PILA	526	-99	4500	-99	138	345	0	2017	-99	15	3.8	100	21	6.54	-99	28	9.28	100	52	12	80	5	59.6	14.5	100	5
Local	PILA45_L	PILA	526	-99	4500	-99	170	358	0	2017	-99	-99	-99	-99	17	5.52	100	26	10.65	100	28	12.1	75	3	28	11	0	5
Local	PILA45_L	PILA	526	-99	4500	-99	122	364	0	2017	-99	12	3.7	100	-99	-99	-99	32	11.01	100	43	13.8	30	0	45.2	11.8	100	5
Local	PILA45_L	PILA	526	-99	4500	-99	14	390	0	2017	2020	17	3.2	100	10	3.32	100	12	3.9	100	-99	-99	-99	0	-99	-99	-99	-99
Local	PILA45_L	PILA	526	-99	4500	-99	17	397	1	2017	-99	-99	-99	-99	20	5.08	100	22	5.2	100	24	8.1	60	3	29.6	8.3	50	5
Local	PILA45_L	PILA	526	-99	4500	-99	33	419	0	2017	-99	-99	-99	-99	24	7.1	100	28	10.59	100	35.3	13.4	90	3	55.4	19.6	100	5
Local	PILA45_L	PILA	526	-99	4500	-99	92	424	0	2017	-99	-99	-99	-99	15	3.73	100	15.5	5.55	100	-99	-99	-99	0	22.8	8	100	5
Local	PILA45_L	PILA	526	-99	4500	-99	64	446	0	2017	-99	16	5.6	100	36	10.05	100	46.5	14.29	-99	59.8	13.7	90	5	-99	-99	-99	-99
Local	PILA45_L	PILA	526	-99	4500	-99	69	483	0	2017	-99	16	3.9	100	25	5.83	100	27	9.9	100	29	9	75	3	36.2	12.3	100	5
Local	PILA45_L	PILA	526	-99	4500	-99	86	491	0	2017	-99	-99	-99	-99	43	17.86	100	83.5	31.91	100	114	37.7	90	5	158.6	69.6	100	3
Local	PILA45_L	PILA	526	-99	4500	-99	268	499	0	2017	-99	12	3.6	100	14	5.62	75	24	8.75	100	52	14.3	100	5	86.4	28.6	100	5
Local	PILA45_L	PILA	526	-99	4500	-99	171	513	0	2017	-99	13.5	3.8	100	24	9.03	100	42	12.4	100	-99	-99	-99	0	82.4	25.7	100	5
Local	PILA45_L	PILA	526	-99	4500	-99	219	561	0	2017	-99	-99	-99	-99	20	5.8	100	20	7.56	100	31	12.5	100	3	-99	-99	-99	-99
Local	PILA45_L	PILA	526	-99	4500	-99	218	564	0	2017	-99	-99	-99	-99	35	9.55	100	61	15.12	100	-99	-99	-99	0	94.8	30	100	5
Local	PILA45_L	PILA	526	-99	4500	-99	220	584	0	2017	-99	17.5	4.4	75	26	6.4	100	26.5	9.03	100	47	11.3	100	5	-99	-99	-99	-99
Local	PILA45_L	PILA	526	-99	4500	-99	174	587	1	2017	-99	9.5	3.2	100	17	4.47	100	15	5.03	50	22	11.9	75	3	-99	-99	-99	-99
Local	PILA45_L	PILA	526	-99	4500	-99	159	594	0	2017	-99	-99	-99	-99	14	6.86	100	17	7.52	100	23	11.1	80	3	31	10.1	100	5
Local	PILA45_L	PILA	526	-99	4500	-99	185	610	1	2017	-99	-99	-99	-99	24	7.89	100	37	14.95	100	57	15.8	100	5	-99	-99	-99	-99
Local	PILA45_L	PILA	526	-99	4500	-99	243	611	1	2017	-99	-99	-99	-99	16	5.75	100	20	7.03	100	37	10	100	3	-99	-99	-99	-99
Local	PILA45_L	PILA	526	-99	4500	-99	286	614	0	2017	-99	20	5	100	33	7.47	100	49	13.47	100	70	16.9	85	5	-99	-99	-99	-99
Local	PILA45_L	PILA	526	-99	4500	-99	186	617	1	2017	-99	17	3.7	100	34	7.23	100	60	21.58	100	93	25	80	5	109.8	30.8	100	5
Local	PILA45_L	PILA	526	-99	4500	-99	100	649	0	2017	-99	14	3.2	100	-99	-99	-99	27	8.34	100	40.5	12.2	95	3	-99	-99	-99	-99
Local	PILA45_L	PILA	526	-99	4500	-99	296	665	0	2017	-99	-99	-99	-99	-99	-99	-99	64	15.41	100	105	21.4	100	5	78.6	26.2	95	3
Local	PILA45_L	PILA	526	-99	4500	-99	209	667	0	2017	-99	14	4.3	100	19	7.48	-99	29	17.04	100	48	20.4	100	5	60.2	23.9	100	3
Local	PILA45_L	PILA	526	-99	4500	-99	-99	668	0	2017	-99	-99	-99	-99	-99	-99	-99	-99	-99	-99	35	9.5	100	3	-99	-99	-99	-99
Local	PILA45_L	PILA	526	-99	4500	-99	234	670	0	2017	-99	-99	-99	-99	20	4.94	100	29	9.89	100	-99	-99	-99	0	45.2	17.5	100	5
Local	PILA45_L	PILA	526	-99	4500	-99	197	676	0	2017	-99	-99	-99	-99	22	80	100	37	11.44	100	-99	-99	-99	0	56.2	17.1	50	5
Local	PILA45_L	PILA	526	-99	4500	-99	205	687	0	2017	-99	-99	-99	-99	16	4.14	75	12	5.42	100	17	4.4	30	0	-99	-99	-99	-99
Local	PILA45_L	PILA	526	-99	4500	-99	208	691	0	2017	-99	-99	-99	-99	21	8.11	-99	35	14.5	100	53	7.2	100	5	57.8	18.2	75	5
Local	PILA45_L	PILA	526	-99	4500	-99	215	694	0	2017	-99	-99	-99	-99	20	4.38	100	20	6.48	75	23	8.7	70	3	-99	-99	-99	-99
Local	PILA45_L	PILA	526	-99	4500	-99	34	702	0	2017	-99	-99	-99	-99	-99	-99	-99	56	15.27	100	-99	-99	-99	0	105.2	36.9	75	3
Local	PILA45_L	PILA	526	-99	4500	-99	169	740	0	2017	-99	11	3.8	100	-99	-99	-99	24	8.85	100	-99	-99	-99	0	33	12.6	75	5
Local	PILA45_L	PILA	526	-99	4500	-99	48	780	1	2017	-99	20.5	4.2	75	-99	-99	-99	31	9.71	75	34	9.7	95	3	60.8	20.3	100	5
Local	PILA45_L	PILA	526	-99	4500	-99	131	794	0	2017	-99	16	3.8	100	22	5.25	100	-99	-99	-99	44	13.1	95	5	51	16.1	75	5
Local	PILA45_L	PILA	526	-99	4500	-99	143	800	0	2017	-99	-99	-99	-99	13	4.99	100	11.5	10.22	100	13	5.2	100	3	28.2	8.9	100	5
Local	PILA45_L	PILA	526	-99	4500	-99	222	816	0	2017	-99	13	3.3	50	17	4.85	100	30	8.16	100	39	10.4	100	5	-99	-99	-99	-99
Local	PILA45_L	PILA	526	-99	4500	-99	213	817	0	2017	-99	14	3.3	75	-99	-99	-99	15	7.24	100	24	5.3	100	3	-99	-99	-99	-99
Local	PILA45_L	PILA	526	-99	4500	-99	206	819	1	2017	-99	11.5	3	50	17	5.93	100	27	9.79	100	42	14.2	80	3	54.2	15.4	75	5
Local	PILA45_L	PILA	526	-99	4500	-99	162	833	0	2017	-99	18	3.4	75	12	5.53	100	14	6.73	100	18	5.9	30	0	-99	-99	-99	-99
Local	PILA45_L	PILA	526	-99	4500	-99	244	845	1	2017	-99	-99	-99	-99	13	4.76	100	-99	-99	-99	32	5.7	100	2	-99	-99	-99	-99
Local	PILA45_L	PILA	526	-99	4500	-99	269	848	0	2017	-99	-99	-99	-99	-99	-99	-99	30	13.92	100	50	16.2	100	5	62.8	21.9	100	5
Local	PILA45_L	PILA	526	-99	4500	-99	264	849	1	2017	-99	13	3.3	100	21	5.12	100	16	7.12	100	24	9.2	100	3	-99	-99	-99	-99
Local	PILA45_L	PILA	526	-99	4500	-99	232	852	0	2017	-99	19	4.2	100	26	7.98	100	34	12.21	100	-99	-99	-99	0	73	21.7	100	5
Local	PILA45_L	PILA	526	-99	4500	-99	236	857	0	2017	-99	-99	-99	-99	20	4.33	100	15.5	4.64	100	17	6.5	30	0	-99	-99	-99	-99
Local	PILA45_L	PILA	526	-99	4500	-99	160	866	0	2017	-99	13.5	4.1	100	34	11.3	100	60	17.23	100	-99	-99	-99	0	115.2	30.7	100	5
Local	PILA45_L	PILA	526	-99	4500	-99	161	878	0	2017	-99	-99	-99	-99	27	10.45	100	34	13.1	100	-99	-99	-99	0	56.6	25.7	75	5
Local	PILA45_L	PILA	526	-99	4500	-99	178	882	1	2017	-99	11	4	100	17	7.2	100	24	10.35	100	44	10.2	100	5	44.4	19.4	95	5
Local	PILA45_L	PILA	526	-99	4500	-99	139	884	0	2017	-99	-99	-99	-99	23	8.07	-99	32	12.17	100	46	10.6	90	5	52	27.2	100	5
Local	PILA45_L	PILA	526	-99	4500	-99	259	895	0	2017	-99	-99	-99	-99	-99	-99	-99	38	13.03	100	60	14.5	100	5	-99	-99	-99	-99
Local	PILA45_L	PILA	526	-99	4500	-99	290	913	0	2017	-99	-99	-99	-99	-99	-99	-99	48	13.67	100	-99	-99	-99	0	79	22.9	100	5
Local	PILA45_L	PILA	526	-99	4500	-99	212	916	0	2017	-99	-99	-99	-99	16	4.12	100	25.5	7.63	100	40	10.9	100	3	-99	-99	-99	-99
Local	PILA45_L	PILA	526	-99	4500	-99	240	919	0	2017	-99	13	-99	-99	16	5.89	100	16.5	7.24	100	30	9.6	100	3	32.2	12.4	100	5
Local	PILA45_L	PILA	526	-99	4500	-99	21	928	0	2017	-99	15.5	3.7	75	-99	-99	-99	62.5	19.5	100	74	26.4	100	5	131.6	57	100	3
Local	PILA45_L	PILA	526	-99	4500	-99	81	929	0	2017	-99	21.5	4.7	75	19	7.01	100	28	8.85	100	54	10	100	5	85.2	25.3	100	3
Local	PILA45_L	PILA	526	-99	4500	-99	257	945	0	2017	-99	13	2.3	-99	-99	-99	-99	22	8.24	100	35	13.1	90	3	-99	-99	-99	-99
Local	PILA45_L	PILA	526	-99	4500	-99	217	960	1	2017	-99	14	3.9	100	26	7.8	100	27	9.19	100	36	11.5	100	3	39	16.7	75	5
Local	PILA45_L	PILA	526	-99	4500	-99	93	970	0	2017	-99	-99	-99	-99	22	5.19	75	27	6.34	100	41.4	12.7	100	3	63.4	19	100	5
Local	PILA45_L	PILA	526	-99	4500	-99	158	995	0	2017	-99	19.5	4.6	100	31	8.8	100	45	13.98	100	78	13.8	100	5	107.2	31.7	100	5
Local	PILA45_L	PILA	526	-99	4500	-99	202	996	0	2017	-99	18	5	100	38	10.83	100	65	18.02	100	92	27.1	75	5	131.2	35.4	100	5
Local	PILA45_L	PILA	526	-99	4500	-99	67	997	1	2017	-99	-99	-99	-99	-99	-99	-99	24	6.21	100	24	15.9	80	2	33	11.7	100	5
Local	PILA45_L	PILA	526	-99	4500	-99	9	386/8	0	2017	-99	16	4	100	-99	-99	-99	28	7.51	100	40	12.2	100	3	-99	-99	-99	-99
Local	PILA45_L	PILA	526	-99	4500	-99	230	605/662	0	2017	-99	16.5	3.4	100	25	6.01	75	31	8.54	100	42	11.5	100	3	-99	-99	-99	-99
Local	PILA45_L	PILA	526	-99	4500	-99	223	810/752	1	2017	-99	17	4.4	100	23	7.74	100	28	9.41	100	16	11	100	3	-99	-99	-99	-99
Local	PILA45_L	PILA	526	-99	4500	-99	248	831/668	1	2017	-99	11.5	3.8	75	14	4.3	-99	19	5.87	100	30	8.5	100	3	32.4	11.2	100	5
Local	PILA45_L	PILA	526	-99	4500	-99	168	896/806	0	2017	-99	-99	-99	-99	-99	-99	-99	11	5.38	100	15	6.5	100	3	-99	-99	-99	-99
Local	PILA45_L	PILA	526	-99	4500	-99	46	923/257	0	2017	-99	-99	-99	-99	17	4.32	75	18.5	5.61	100	24.2	8.1	100	3	-99	-99	-99	-99
Local	PILA45_L	PILA	526	-99	4500	-99	-99	1674	0	2017	-99	-99	-99	-99	-99	-99	-99	23	9.92	100	23	9.5	100	4	-99	-99	-99	-99
Local	PILA45_L	PILA	526	-99	4500	-99	-99	352	0	2017	2020	-99	-99	-99	-99	-99	-99	30	7.06	100	-99	-99	-99	0	-99	-99	-99	-99
Local	PILA45_L	PILA	526	-99	4500	-99	-99	1000	0	2017	2020	-99	-99	-99	-99	-99	-99	22	4.58	100	-99	-99	-99	0	-99	-99	-99	-99
orange	PILA55_1	PILA	526	-99	5500	-99	-99	935	0	2017	2017	-99	-99	-99	-99	-99	-99	-99	-99	-99	-99	-99	-99	-99	-99	-99	-99	-99
orange	PILA55_1	PILA	526	-99	5500	-99	2	-99	0	2017	2017	15	4	-99	-99	-99	-99	-99	-99	-99	-99	-99	-99	-99	-99	-99	-99	-99
orange	PILA55_1	PILA	526	-99	5500	-99	6	-99	0	2017	2017	-99	-99	-99	-99	-99	-99	-99	-99	-99	-99	-99	-99	-99	-99	-99	-99	-99
orange	PILA55_1	PILA	526	-99	5500	-99	11	-99	0	2017	2017	14	4.6	0	-99	-99	-99	-99	-99	-99	-99	-99	-99	-99	-99	-99	-99	-99
orange	PILA55_1	PILA	526	-99	5500	-99	16	-99	0	2017	2017	-99	-99	0	-99	-99	-99	-99	-99	-99	-99	-99	-99	-99	-99	-99	-99	-99
orange	PILA55_1	PILA	526	-99	5500	-99	17	-99	0	2017	2017	11	2.8	0	-99	-99	-99	-99	-99	-99	-99	-99	-99	-99	-99	-99	-99	-99
orange	PILA55_1	PILA	526	-99	5500	-99	18	-99	0	2017	2017	10	2.2	0	-99	-99	-99	-99	-99	-99	-99	-99	-99	-99	-99	-99	-99	-99
orange	PILA55_1	PILA	526	-99	5500	-99	20	-99	0	2017	2017	19	4.2	-99	-99	-99	-99	-99	-99	-99	-99	-99	-99	-99	-99	-99	-99	-99
orange	PILA55_1	PILA	526	-99	5500	-99	3	-99	0	2017	2017	-99	-99	-99	-99	-99	-99	-99	-99	-99	-99	-99	-99	-99	-99	-99	-99	-99
orange	PILA55_1	PILA	526	-99	5500	-99	9	-99	0	2017	2017	-99	-99	-99	-99	-99	-99	-99	-99	-99	-99	-99	-99	-99	-99	-99	-99	-99
orange	PILA55_1	PILA	526	-99	5500	-99	25	-99	0	2017	2017	-99	-99	-99	-99	-99	-99	-99	-99	-99	-99	-99	-99	-99	-99	-99	-99	-99
orange	PILA55_1	PILA	526	-99	5500	-99	26	-99	0	2017	2017	-99	-99	-99	-99	-99	-99	-99	-99	-99	-99	-99	-99	-99	-99	-99	-99	-99
orange	PILA55_1	PILA	526	-99	5500	-99	27	-99	0	2017	2017	-99	-99	-99	-99	-99	-99	-99	-99	-99	-99	-99	-99	-99	-99	-99	-99	-99
orange	PILA55_1	PILA	526	-99	5500	-99	28	-99	0	2017	2017	-99	-99	-99	-99	-99	-99	-99	-99	-99	-99	-99	-99	-99	-99	-99	-99	-99
orange	PILA55_1	PILA	526	-99	5500	-99	29	-99	0	2017	2017	-99	-99	-99	-99	-99	-99	-99	-99	-99	-99	-99	-99	-99	-99	-99	-99	-99
orange	PILA55_1	PILA	526	-99	5500	-99	4	-99	0	2017	2018	18.5	4.6	100	-99	-99	-99	-99	-99	-99	-99	-99	-99	-99	-99	-99	-99	-99
orange	PILA55_1	PILA	526	-99	5500	-99	14	-99	0	2017	2018	10.5	2.8	25	-99	-99	-99	-99	-99	-99	-99	-99	-99	-99	-99	-99	-99	-99
orange	PILA55_1	PILA	526	-99	5500	-99	19	-99	0	2017	2018	26	6.6	100	-99	-99	-99	-99	-99	-99	-99	-99	-99	-99	-99	-99	-99	-99
orange	PILA55_1	PILA	526	-99	5500	-99	1	-99	0	2017	2019	13	4.4	-99	18	7.9	100	-99	-99	-99	-99	-99	-99	-99	-99	-99	-99	-99
orange	PILA55_1	PILA	526	-99	5500	-99	12	-99	0	2017	2019	10	3.2	-99	13	5.96	100	-99	-99	-99	-99	-99	-99	-99	-99	-99	-99	-99
orange	PILA55_1	PILA	526	-99	5500	-99	13	-99	0	2017	2018	14	2.7	-99	12	3.22	50	-99	-99	-99	-99	-99	-99	-99	-99	-99	-99	-99
orange	PILA55_1	PILA	526	-99	5500	-99	10	77	0	2017	2019	11	3.1	75	12	3.05	25	-99	-99	-99	-99	-99	-99	-99	-99	-99	-99	-99
orange	PILA55_1	PILA	526	-99	5500	-99	21	681	0	2017	2020	13.5	4.2	100	20	6.25	100	21	10.57	100	-99	-99	-99	0	-99	-99	-99	-99
orange	PILA55_1	PILA	526	-99	5500	-99	24	847	0	2017	2018	18.5	3	-99	19	4.04	-99	-99	-99	-99	-99	-99	-99	-99	-99	-99	-99	-99
orange	PILA55_1	PILA	526	-99	5500	-99	8	473	0	2017	2021	10	3.5	75	12	5.13	100	12	5.55	50	13	5.1	30	5	16	5.6	0	5
orange	PILA55_1	PILA	526	-99	5500	-99	7	244	0	2017	-99	13	6.7	-99	16	7.17	100	18	4.02	100	23	6.2	100	3	-99	-99	-99	-99
orange	PILA55_1	PILA	526	-99	5500	-99	5	454	0	2017	-99	16	5	-99	24	6.05	100	17	7.2	100	21	9.3	70	3	24.6	10.6	25	5
orange	PILA55_1	PILA	526	-99	5500	-99	15	512	0	2017	-99	16	3.2	-99	21	5.97	100	23	7.6	100	34	13.8	100	3	39	11.9	100	5
orange	PILA55_1	PILA	526	-99	5500	-99	22	620	1	2017	-99	8	3.7	100	10	5.62	100	18	7.55	100	24	6.5	85	3	-99	-99	-99	-99
orange	PILA55_1	PILA	526	-99	5500	-99	23	746	0	2017	-99	13.5	3.8	75	-99	-99	-99	29	9.45	100	-99	-99	-99	0	38.8	11.1	50	5
orange	PILA55_1	PILA	526	-99	5500	-99	-99	873	0	2017	-99	-99	-99	-99	-99	-99	-99	-99	-99	-99	50	12.5	90	5	74.4	20.2	100	5
purple	PILA30_1	PILA	531	-99	3000	-99	6	474	0	2017	2017	19	3.6	-99	-99	-99	-99	-99	-99	-99	-99	-99	-99	-99	-99	-99	-99	-99
purple	PILA30_1	PILA	531	-99	3000	-99	11	-99	0	2017	2017	17	2.8	0	-99	-99	-99	-99	-99	-99	-99	-99	-99	-99	-99	-99	-99	-99
purple	PILA30_1	PILA	531	-99	3000	-99	13	-99	0	2017	2017	-99	-99	0	-99	-99	-99	-99	-99	-99	-99	-99	-99	-99	-99	-99	-99	-99
purple	PILA30_1	PILA	531	-99	3000	-99	15	-99	0	2017	2017	19.5	2.1	0	-99	-99	-99	-99	-99	-99	-99	-99	-99	-99	-99	-99	-99	-99
purple	PILA30_1	PILA	531	-99	3000	-99	17	-99	0	2017	2017	12.5	3.4	0	-99	-99	-99	-99	-99	-99	-99	-99	-99	-99	-99	-99	-99	-99
purple	PILA30_1	PILA	531	-99	3000	-99	25	-99	0	2017	2017	20	3.1	0	-99	-99	-99	-99	-99	-99	-99	-99	-99	-99	-99	-99	-99	-99
purple	PILA30_1	PILA	531	-99	3000	-99	27	-99	0	2017	2017	19	3.5	0	-99	-99	-99	-99	-99	-99	-99	-99	-99	-99	-99	-99	-99	-99
purple	PILA30_1	PILA	531	-99	3000	-99	29	-99	0	2017	2017	10	2.3	0	-99	-99	-99	-99	-99	-99	-99	-99	-99	-99	-99	-99	-99	-99
purple	PILA30_1	PILA	531	-99	3000	-99	31	-99	0	2017	2017	14	2.6	0	-99	-99	-99	-99	-99	-99	-99	-99	-99	-99	-99	-99	-99	-99
purple	PILA30_1	PILA	531	-99	3000	-99	32	-99	0	2017	2017	-99	-99	-99	-99	-99	-99	-99	-99	-99	-99	-99	-99	-99	-99	-99	-99	-99
purple	PILA30_1	PILA	531	-99	3000	-99	33	-99	0	2017	2017	-99	-99	-99	-99	-99	-99	-99	-99	-99	-99	-99	-99	-99	-99	-99	-99	-99
purple	PILA30_1	PILA	531	-99	3000	-99	34	-99	0	2017	2017	-99	-99	-99	-99	-99	-99	-99	-99	-99	-99	-99	-99	-99	-99	-99	-99	-99
purple	PILA30_1	PILA	531	-99	3000	-99	35	-99	0	2017	2017	-99	-99	-99	-99	-99	-99	-99	-99	-99	-99	-99	-99	-99	-99	-99	-99	-99
purple	PILA30_1	PILA	531	-99	3000	-99	36	-99	0	2017	2017	-99	-99	-99	-99	-99	-99	-99	-99	-99	-99	-99	-99	-99	-99	-99	-99	-99
purple	PILA30_1	PILA	531	-99	3000	-99	37	-99	0	2017	2017	-99	-99	-99	-99	-99	-99	-99	-99	-99	-99	-99	-99	-99	-99	-99	-99	-99
purple	PILA30_1	PILA	531	-99	3000	-99	38	-99	0	2017	2017	-99	-99	-99	-99	-99	-99	-99	-99	-99	-99	-99	-99	-99	-99	-99	-99	-99
purple	PILA30_1	PILA	531	-99	3000	-99	1	4	0	2017	2018	15	4.7	-99	20	6.65	-99	-99	-99	-99	-99	-99	-99	-99	-99	-99	-99	-99
purple	PILA30_1	PILA	531	-99	3000	-99	4	-99	0	2017	2018	16.5	4.2	75	-99	-99	-99	-99	-99	-99	-99	-99	-99	-99	-99	-99	-99	-99
purple	PILA30_1	PILA	531	-99	3000	-99	12	-99	0	2017	2018	13.5	2.9	25	-99	-99	-99	-99	-99	-99	-99	-99	-99	-99	-99	-99	-99	-99
purple	PILA30_1	PILA	531	-99	3000	-99	2	-99	0	2017	2019	11	3.8	-99	15	4.52	100	-99	-99	-99	-99	-99	-99	-99	-99	-99	-99	-99
purple	PILA30_1	PILA	531	-99	3000	-99	10	-99	0	2017	2019	14	3.8	50	36	10.89	100	-99	-99	-99	-99	-99	-99	-99	-99	-99	-99	-99
purple	PILA30_1	PILA	531	-99	3000	-99	18	-99	0	2017	2019	18	4.2	75	18	5.02	100	-99	-99	-99	-99	-99	-99	-99	-99	-99	-99	-99
purple	PILA30_1	PILA	531	-99	3000	-99	19	347	0	2017	2020	19	3.1	50	21	5.62	100	21	7.78	100	-99	-99	-99	0	-99	-99	-99	-99
purple	PILA30_1	PILA	531	-99	3000	-99	9	633	0	2017	2020	10	4.2	75	-99	-99	-99	19	6.33	50	-99	-99	-99	0	-99	-99	-99	-99
purple	PILA30_1	PILA	531	-99	3000	-99	7	701	0	2017	2020	15	3.2	-99	16	4.44	100	18	4.99	25	-99	-99	-99	0	-99	-99	-99	-99
purple	PILA30_1	PILA	531	-99	3000	-99	20	209	0	2017	2020	16.5	4.1	100	26	7.59	100	35	10.65	100	-99	-99	-99	0	-99	-99	-99	-99
purple	PILA30_1	PILA	531	-99	3000	-99	14	947	0	2017	2020	14.5	3.9	75	18	6.18	100	19.5	4.84	100	-99	-99	-99	0	-99	-99	-99	-99
purple	PILA30_1	PILA	531	-99	3000	-99	30	950	0	2017	2020	16	3.6	75	28	6.04	100	28	7.68	100	-99	-99	-99	0	-99	-99	-99	-99
purple	PILA30_1	PILA	531	-99	3000	-99		470	0	2017	2021	-99	-99	-99	-99	-99	-99	12.5	6.77	75	-99	-99	-99	0	16	5.2	0	5
purple	PILA30_1	PILA	531	-99	3000	-99	5	82	0	2017	-99	15.5	4.4	75	17	7.3	100	44.5	13.01	100	66.3	14.3	90	5	92.4	30.4	100	3
purple	PILA30_1	PILA	531	-99	3000	-99	3	252	0	2017	-99	24	5	75	-99	-99	-99	40	11.3	100	61	19	90	5	102.2	32.9	100	3
purple	PILA30_1	PILA	531	-99	3000	-99	23	604	1	2017	-99	23	5.4	75	32	8.03	100	35	9.84	100	40	15.6	85	3	-99	-99	-99	-99
purple	PILA30_1	PILA	531	-99	3000	-99	26	671	0	2017	-99	16	2.9	50	18	3.99	-99	16	4.55	100	17	6.1	100	3	23.2	7.9	100	5
purple	PILA30_1	PILA	531	-99	3000	-99	8	706	0	2017	-99	-99	-99	-99	-99	-99	-99	52	15.36	100	72	27.6	90	5	126.2	47	100	3
purple	PILA30_1	PILA	531	-99	3000	-99	28	832	0	2017	-99	17.5	3.4	-99	27	5.6	-99	29.5	7.5	100	-99	-99	-99	0	54.4	12.1	100	5
purple	PILA30_1	PILA	531	-99	3000	-99	24	905	0	2017	-99	23	4.9	75	7.4	29	-99	33.5	8.61	100	44	14.4	100	5	-99	-99	-99	-99
purple	PILA30_1	PILA	531	-99	3000	-99	22	918	0	2017	-99	15.5	3.9	-99	20	6.85	-99	18	8.15	100	29	10.8	100	5	-99	-99	-99	-99
purple	PILA30_1	PILA	531	-99	3000	-99	16	958	0	2017	-99	20	5.5	75	26	7.98	100	-99	-99	-99	-99	-99	-99	-99	85.2	24.4	100	5
purple	PILA30_1	PILA	531	-99	3000	-99	21	989	0	2017	-99	13	5.1	75	16	6.04	100	23	7.33	100	35	8.9	100	3	-99	-99	-99	-99
red	PILA60_1	PILA	531	-99	6000	-99	1	-99	0	2017	2017	15	2.5	0	-99	-99	-99	-99	-99	-99	-99	-99	-99	-99	-99	-99	-99	-99
red	PILA60_1	PILA	531	-99	6000	-99	3	-99	0	2017	2017	11	3.9	0	-99	-99	-99	-99	-99	-99	-99	-99	-99	-99	-99	-99	-99	-99
red	PILA60_1	PILA	531	-99	6000	-99	4	-99	0	2017	2017	8	2.5	0	-99	-99	-99	-99	-99	-99	-99	-99	-99	-99	-99	-99	-99	-99
red	PILA60_1	PILA	531	-99	6000	-99	6	-99	0	2017	2017	-99	-99	-99	-99	-99	-99	-99	-99	-99	-99	-99	-99	-99	-99	-99	-99	-99
red	PILA60_1	PILA	531	-99	6000	-99	9	-99	0	2017	2017	14	2.8	0	-99	-99	-99	-99	-99	-99	-99	-99	-99	-99	-99	-99	-99	-99
red	PILA60_1	PILA	531	-99	6000	-99	11	-99	0	2017	2017	9	2.2	0	-99	-99	-99	-99	-99	-99	-99	-99	-99	-99	-99	-99	-99	-99
red	PILA60_1	PILA	531	-99	6000	-99	13	-99	0	2017	2017	9.5	2.3	0	-99	-99	-99	-99	-99	-99	-99	-99	-99	-99	-99	-99	-99	-99
red	PILA60_1	PILA	531	-99	6000	-99	14	-99	0	2017	2017	11	3.4	0	-99	-99	-99	-99	-99	-99	-99	-99	-99	-99	-99	-99	-99	-99
red	PILA60_1	PILA	531	-99	6000	-99	22	-99	0	2017	2017	-99	-99	-99	-99	-99	-99	-99	-99	-99	-99	-99	-99	-99	-99	-99	-99	-99
red	PILA60_1	PILA	531	-99	6000	-99	18	-99	0	2017	2017	-99	-99	-99	-99	-99	-99	-99	-99	-99	-99	-99	-99	-99	-99	-99	-99	-99
red	PILA60_1	PILA	531	-99	6000	-99	24	-99	0	2017	2017	-99	-99	-99	-99	-99	-99	-99	-99	-99	-99	-99	-99	-99	-99	-99	-99	-99
red	PILA60_1	PILA	531	-99	6000	-99	25	-99	0	2017	2017	-99	-99	-99	-99	-99	-99	-99	-99	-99	-99	-99	-99	-99	-99	-99	-99	-99
red	PILA60_1	PILA	531	-99	6000	-99	26	-99	0	2017	2017	-99	-99	-99	-99	-99	-99	-99	-99	-99	-99	-99	-99	-99	-99	-99	-99	-99
red	PILA60_1	PILA	531	-99	6000	-99	10	192	0	2017	2018	13.5	3.1	75	-99	-99	-99	-99	-99	-99	-99	-99	-99	-99	-99	-99	-99	-99
red	PILA60_1	PILA	531	-99	6000	-99	12	-99	0	2017	2018	14.5	2.9	75	-99	-99	-99	-99	-99	-99	-99	-99	-99	-99	-99	-99	-99	-99
red	PILA60_1	PILA	531	-99	6000	-99	23	741	0	2017	2020	-99	-99	-99	-99	-99	-99	49	14.56	100	-99	-99	-99	0	-99	-99	-99	-99
red	PILA60_1	PILA	531	-99	6000	-99	5	251	0	2017	2020	9	1.9	-99	-99	-99	-99	13	4.8	100	-99	-99	-99	0	27	6.3	0	5
red	PILA60_1	PILA	531	-99	6000	-99	7	465	0	2017	2021	11	3.7	-99	14	5.3	100	16	6.5	50	15	6.5	30	5	15	6.3	0	5
red	PILA60_1	PILA	531	-99	6000	-99	8	197	1	2017	-99	16	4.6	-99	24	7.06	100	34	11.74	100	41	13.9	100	5	37.4	17.5	100	5
red	PILA60_1	PILA	531	-99	6000	-99	19	328	0	2017	-99	12	3.5	100	17	6.47	100	18	8.83	100	-99	-99	-99	0	34.2	14.8	100	5
red	PILA60_1	PILA	531	-99	6000	-99	17	339	0	2017	-99	8.5	3.1	100	12	9.55	100	23	13.57	100	33	12.1	100	3	44.2	17.8	100	5
red	PILA60_1	PILA	531	-99	6000	-99	2	400	1	2017	-99	13	3.5	-99	18	8.65	100	20.5	9.95	100	23	12	70	3	32.2	14.4	100	5
red	PILA60_1	PILA	531	-99	6000	-99	16	618	0	2017	-99	7.5	2.8	75	14	5.18	100	19	8.97	100	33	10.5	95	3	37	11.4	50	5
red	PILA60_1	PILA	531	-99	6000	-99	20	683	0	2017	-99	16	3.7	100	-99	-99	-99	27	9.52	100	41	7.5	100	5	39.8	15.6	95	3
red	PILA60_1	PILA	531	-99	6000	-99	21	901	1	2017	-99	13	3.7	75	-99	-99	-99	19.5	8.66	100	23	8.5	90	3	-99	-99	-99	-99
red	PILA60_1	PILA	531	-99	6000	-99	15	906	0	2017	-99	13	3.4	-99	15	5.88	100	19	7.91	100	26	6.4	100	3	50.4	15.7	100	5
SpringGreen	PILA40_1	PILA	531	-99	4000	-99	1	-99	0	2017	2017	15.5	3.2	0	-99	-99	-99	-99	-99	-99	-99	-99	-99	-99	-99	-99	-99	-99
SpringGreen	PILA40_1	PILA	531	-99	4000	-99	5	-99	0	2017	2017	15.5	3.2	0	-99	-99	-99	-99	-99	-99	-99	-99	-99	-99	-99	-99	-99	-99
SpringGreen	PILA40_1	PILA	531	-99	4000	-99	8	-99	0	2017	2017	15.5	3.5	-99	-99	-99	-99	-99	-99	-99	-99	-99	-99	-99	-99	-99	-99	-99
SpringGreen	PILA40_1	PILA	531	-99	4000	-99	10	-99	0	2017	2017	18	3.1	0	-99	-99	-99	-99	-99	-99	-99	-99	-99	-99	-99	-99	-99	-99
SpringGreen	PILA40_1	PILA	531	-99	4000	-99	11	-99	0	2017	2017	9	3	-99	-99	-99	-99	-99	-99	-99	-99	-99	-99	-99	-99	-99	-99	-99
SpringGreen	PILA40_1	PILA	531	-99	4000	-99	9	599	0	2017	2020	5.2	1.5	75	24	4.65	100	-99	-99	-99	-99	-99	-99	-99	47	17.5	0	5
SpringGreen	PILA40_1	PILA	531	-99	4000	-99	3	708	0	2017	2020	14.5	4.1	75	34	8.96	100	18	6.57	25	-99	-99	-99	0	-99	-99	-99	-99
SpringGreen	PILA40_1	PILA	531	-99	4000	-99	13	821	0	2017	2020	17.5	3.7	100	21	4.06	100	24	5.68	100	-99	-99	-99	0	-99	-99	-99	-99
SpringGreen	PILA40_1	PILA	531	-99	4000	-99	2	110	1	2017	-99	12.5	5.1	100	-99	-99	-99	32.5	12.99	100	42	12.6	100	3	62.8	24.7	100	5
SpringGreen	PILA40_1	PILA	531	-99	4000	-99	6	437	0	2017	-99	13	3.9	-99	19	4.15	100	19	7.5	100	26	11.2	100	3	42.8	15.6	100	5
SpringGreen	PILA40_1	PILA	531	-99	4000	-99	7	567	0	2017	-99	10	3.6	-99	-99	-99	-99	16.5	8.27	100	37	13.3	100	3	-99	-99	-99	-99
SpringGreen	PILA40_1	PILA	531	-99	4000	-99	12	843	0	2017	-99	19.5	4.3	75	22	8.24	-99	24	6.83	100	34	6.7	100	3	34	10.3	100	5
SpringGreen	PILA40_1	PILA	531	-99	4000	-99	4	936	0	2017	-99	19	4.5	-99	31	6.67	100	45.5	14.75	100	41	17.3	30	0	52.4	18.6	100	3
SpringGreen	PILA40_1	PILA	531	-99	4000	-99	-99	-99	0	2017	2017	-99	-99	-99	-99	-99	-99	-99	-99	-99	-99	-99	-99	-99	-99	-99	-99	-99