TAG_COLOR	Lot_Name	Species	lot	MOM	seed_zone	elevation_cat	elevation_band	tree_num	metal_tag	Genotype	Plant_Yr	Mort_Yr	Height_17	Height_18	BD_18	%_alive_needles_18	Height_19	BD_19	%_alive_needles_19	Height_20	BD_20	%_alive_needles_20	Tissue_collected	Height_21	BD_21	alive_needles_21	num_needles
black/grey 	PILA55_1	PILA	6448	19490	526	-99	5500	6	-99	0	2018	2018	-99	-99	-99	-99	-99	-99	-99	-99	-99	-99	-99	-99	-99	-99	-99
black/grey 	PILA55_1	PILA	6448	19490	526	-99	5500	20	-99	0	2018	2018	-99	-99	-99	-99	-99	-99	-99	-99	-99	-99	-99	-99	-99	-99	-99
black/grey 	PILA55_1	PILA	6448	19490	526	-99	5500	21	-99	0	2018	2018	-99	-99	-99	-99	-99	-99	-99	-99	-99	-99	-99	-99	-99	-99	-99
black/grey 	PILA55_1	PILA	6448	19490	526	-99	5500	22	-99	0	2018	2018	-99	-99	-99	-99	-99	-99	-99	-99	-99	-99	-99	-99	-99	-99	-99
black/grey 	PILA55_1	PILA	6448	19490	526	-99	5500	23	-99	0	2018	2018	-99	-99	-99	-99	-99	-99	-99	-99	-99	-99	-99	-99	-99	-99	-99
black/grey 	PILA55_1	PILA	6448	19490	526	-99	5500	24	-99	0	2018	2018	-99	-99	-99	-99	-99	-99	-99	-99	-99	-99	-99	-99	-99	-99	-99
black/grey 	PILA55_1	PILA	6448	19490	526	-99	5500	25	-99	0	2018	2018	-99	-99	-99	-99	-99	-99	-99	-99	-99	-99	-99	-99	-99	-99	-99
black/grey 	PILA55_1	PILA	6448	19490	526	-99	5500	26	-99	0	2018	2018	-99	-99	-99	-99	-99	-99	-99	-99	-99	-99	-99	-99	-99	-99	-99
black/grey 	PILA55_1	PILA	6448	19490	526	-99	5500	27	-99	0	2018	2018	-99	-99	-99	-99	-99	-99	-99	-99	-99	-99	-99	-99	-99	-99	-99
black/grey 	PILA55_1	PILA	6448	19490	526	-99	5500	5	-99	0	2018	2019	-99	13	2.43	100	-99	-99	-99	-99	-99	-99	-99	-99	-99	-99	-99
black/grey 	PILA55_1	PILA	6448	19490	526	-99	5500	1	-99	0	2018	2019	-99	9	2.12	100	-99	-99	-99	-99	-99	-99	-99	-99	-99	-99	-99
black/grey 	PILA55_1	PILA	6448	19490	526	-99	5500	13	-99	0	2018	2018	-99	13	2.97	25	-99	-99	-99	-99	-99	-99	-99	-99	-99	-99	-99
black/grey 	PILA55_1	PILA	6448	19490	526	-99	5500	3	-99	0	2018	2019	-99	15	3.57	100	-99	-99	-99	-99	-99	-99	-99	-99	-99	-99	-99
black/grey 	PILA55_1	PILA	6448	19490	526	-99	5500	10	-99	0	2018	2019	-99	10	2.8	100	-99	-99	-99	-99	-99	-99	-99	-99	-99	-99	-99
black/grey 	PILA55_1	PILA	6448	19490	526	-99	5500	7	2015	0	2018	2020	-99	10	2.26	50	5.5	3.09	50	-99	-99	-99	-99	-99	-99	-99	-99
black/grey 	PILA55_1	PILA	6448	19490	526	-99	5500	16	2950	0	2018	2021	-99	8	3.32	100	11.5	5.5	100	18.5	6.4	100	3	20.2	7.1	0	5
black/grey 	PILA55_1	PILA	6448	19490	526	-99	5500	17	2965	0	2018	-99	-99	14	4.23	100	14	7.24	100	20	6.8	100	3	24.6	11	75	5
black/grey 	PILA55_1	PILA	6448	19490	526	-99	5500	11	2380	0	2018	-99	-99	11	3.25	100	13	5.1	100	16	2.4	100	3	20.6	8.2	80	5
black/grey 	PILA55_1	PILA	6448	19490	526	-99	5500	8	177	0	2018	-99	-99	11	2.56	100	20	6.25	100	-99	-99	-99	-99	36.2	12.4	100	5
black/grey 	PILA55_1	PILA	6448	19490	526	-99	5500	2	272	0	2018	-99	-99	12	4.02	100	10	6.1	100	10	7.6	90	3	16.4	10.7	100	5
black/grey 	PILA55_1	PILA	6448	19490	526	-99	5500	4	940	1	2018	-99	-99	14	2.96	100	26	6.56	100	42	11.2	100	5	59.8	18.4	100	5
black/grey 	PILA55_1	PILA	6448	19490	526	-99	5500	14	2812	0	2018	-99	-99	13	2.83	100	20	5.16	100	28.9	9.1	100	2	48.2	13.6	100	5
black/grey 	PILA55_1	PILA	6448	19490	526	-99	5500	9	2246	0	2018	-99	-99	12	2.99	100	22	5.1	100	34	11.4	100	3	-99	-99	-99	-99
black/grey 	PILA55_1	PILA	6448	19490	526	-99	5500	15	2833	0	2018	-99	-99	14	3.27	100	17.5	5.52	100	23	6.3	100	3	-99	-99	-99	-99
black/grey 	PILA55_1	PILA	6448	19490	526	-99	5500	12	2838	0	2018	-99	-99	13	3.54	100	15	5.17	100	24	6.2	100	2	-99	-99	-99	-99
black/grey 	PILA55_1	PILA	6448	19490	526	-99	5500	19	2976	0	2018	-99	-99	12	3.28	100	13	6.09	100	21.3	7.5	95	3	-99	-99	-99	-99
black/grey 	PILA55_1	PILA	6448	19490	526	-99	5500	18	2987	0	2018	-99	-99	13	4.28	100	10.5	6.78	100	25	9.5	80	2	-99	-99	-99	-99
black/black	PILA55_2	PILA	8159	19463	526	-99	5500	3	-99	0	2018	2018	-99	-99	-99	-99	-99	-99	-99	-99	-99	-99	-99	-99	-99	-99	-99
black/black	PILA55_2	PILA	8159	19463	526	-99	5500	9	-99	0	2018	2018	-99	-99	-99	-99	-99	-99	-99	-99	-99	-99	-99	-99	-99	-99	-99
black/black	PILA55_2	PILA	8159	19463	526	-99	5500	20	-99	0	2018	2018	-99	-99	-99	-99	-99	-99	-99	-99	-99	-99	-99	-99	-99	-99	-99
black/black	PILA55_2	PILA	8159	19463	526	-99	5500	21	-99	0	2018	2018	-99	-99	-99	-99	-99	-99	-99	-99	-99	-99	-99	-99	-99	-99	-99
black/black	PILA55_2	PILA	8159	19463	526	-99	5500	22	-99	0	2018	2018	-99	-99	-99	-99	-99	-99	-99	-99	-99	-99	-99	-99	-99	-99	-99
black/black	PILA55_2	PILA	8159	19463	526	-99	5500	23	-99	0	2018	2018	-99	-99	-99	-99	-99	-99	-99	-99	-99	-99	-99	-99	-99	-99	-99
black/black	PILA55_2	PILA	8159	19463	526	-99	5500	24	-99	0	2018	2018	-99	-99	-99	-99	-99	-99	-99	-99	-99	-99	-99	-99	-99	-99	-99
black/black	PILA55_2	PILA	8159	19463	526	-99	5500	25	-99	0	2018	2018	-99	-99	-99	-99	-99	-99	-99	-99	-99	-99	-99	-99	-99	-99	-99
black/black	PILA55_2	PILA	8159	19463	526	-99	5500	1	-99	0	2018	2019	-99	18	3.74	100	-99	-99	-99	-99	-99	-99	-99	-99	-99	-99	-99
black/black	PILA55_2	PILA	8159	19463	526	-99	5500	7	-99	0	2018	2019	-99	11	2.84	100	-99	-99	-99	-99	-99	-99	-99	-99	-99	-99	-99
black/black	PILA55_2	PILA	8159	19463	526	-99	5500	15	-99	0	2018	2019	-99	14	3.39	100	-99	-99	-99	-99	-99	-99	-99	-99	-99	-99	-99
black/black	PILA55_2	PILA	8159	19463	526	-99	5500	19	2081	0	2018	2020	-99	13	2.53	100	11	3.84	100	-99	-99	-99	-99	13	3.8	0	5
black/black	PILA55_2	PILA	8159	19463	526	-99	5500	8	2132	0	2018	2020	-99	12	2.59	100	15	3.97	100	-99	-99	-99	-99	19	5.3	0	5
black/black	PILA55_2	PILA	8159	19463	526	-99	5500	4	412	0	2018	2021	-99	16	2.82	100	17	5.33	100	-99	-99	-99	-99	-99	-99	-99	-99
black/black	PILA55_2	PILA	8159	19463	526	-99	5500	5	2230	0	2018	2021	-99	20	3.82	100	28.5	5.57	100	-99	-99	-99	-99	-99	-99	-99	-99
black/black	PILA55_2	PILA	8159	19463	526	-99	5500	13	3000	0	2018	2021	-99	17	2.94	100	18	5.77	100	-99	-99	-99	-99	-99	-99	-99	-99
black/black	PILA55_2	PILA	8159	19463	526	-99	5500	18	2406	1	2018	2021	-99	9	2.4	100	7.5	3.73	100	8.5	4	80	2	9.8	3.8	0	5
black/black	PILA55_2	PILA	8159	19463	526	-99	5500	11	2939	0	2018	2021	-99	15	3.55	100	17	5.56	100	23	7.1	95	3	25	8	0	5
black/black	PILA55_2	PILA	8159	19463	526	-99	5500	2	2158	0	2018	-99	-99	15	2.34	100	10	4.67	100	13	7.8	100	3	14.2	7.9	75	5
black/black	PILA55_2	PILA	8159	19463	526	-99	5500	14	1003	0	2018	-99	-99	11	3.29	100	17.5	6.86	100	24	10.3	100	2	37.4	10.1	100	5
black/black	PILA55_2	PILA	8159	19463	526	-99	5500	6	2134	0	2018	-99	-99	12	2.32	100	14	3.5	100	23	8.1	100	3	29.4	12.9	100	5
black/black	PILA55_2	PILA	8159	19463	526	-99	5500	17	2829	0	2018	-99	-99	14	3.31	100	18.5	5.37	100	-99	-99	-99	-99	39	10.2	100	5
black/black	PILA55_2	PILA	8159	19463	526	-99	5500	16	2951	1	2018	-99	-99	13	2.8	100	18	6.11	100	24.3	5.7	100	3	41.8	9	100	5
black/black	PILA55_2	PILA	8159	19463	526	-99	5500	10	2955	0	2018	-99	-99	19	4.11	100	29	5.37	100	21.4	7.4	85	3	31.8	9.3	100	5
black/black	PILA55_2	PILA	8159	19463	526	-99	5500	-99	1667	1	2018	-99	-99	-99	-99	-99	16	5.18	100	22.5	5.4	70	3	-99	-99	-99	-99
black/black	PILA55_2	PILA	8159	19463	526	-99	5500	12	2988	0	2018	-99	-99	10	2.81	100	11	3.8	100	14	5.7	95	2	-99	-99	-99	-99
black/It-green	PILA55_3	PILA	6456/8160	19462	526	-99	5500	-99	2021	0	2018	-99	-99	18	3.97	100	20	6.59	100	26	8	100	3	35.6	13.3	100	5
black/LtGreen	PILA55_3	PILA	6456/8160	19475	526	-99	5500	17	-99	0	2018	2018	-99	-99	-99	-99	-99	-99	-99	-99	-99	-99	-99	-99	-99	-99	-99
black/LtGreen	PILA55_3	PILA	6456/8160	19463	526	-99	5500	5	129	0	2018	2020	-99	9	2.16	100	-99	-99	-99	-99	-99	-99	-99	-99	-99	-99	-99
black/LtGreen	PILA55_3	PILA	6456/8160	19459	526	-99	5500	1	-99	0	2018	2019	-99	7	2.22	100	-99	-99	-99	-99	-99	-99	-99	-99	-99	-99	-99
black/LtGreen	PILA55_3	PILA	6456/8160	19460	526	-99	5500	2	-99	0	2018	2019	-99	13	2.84	100	-99	-99	-99	-99	-99	-99	-99	-99	-99	-99	-99
black/LtGreen	PILA55_3	PILA	6456/8160	19462	526	-99	5500	4	-99	0	2018	2019	-99	17	3.31	100	-99	-99	-99	-99	-99	-99	-99	-99	-99	-99	-99
black/LtGreen	PILA55_3	PILA	6456/8160	19466	526	-99	5500	8	-99	0	2018	2019	-99	11	3.61	75	-99	-99	-99	-99	-99	-99	-99	-99	-99	-99	-99
black/LtGreen	PILA55_3	PILA	6456/8160	19461	526	-99	5500	3	551	0	2018	2021	-99	9	2.65	100	11	4.13	100	-99	-99	-99	-99	-99	-99	-99	-99
black/LtGreen	PILA55_3	PILA	6456/8160	19470	526	-99	5500	12	2959	0	2018	2021	-99	9	2.9	100	10	4.24	100	7	4.3	100	3	8.3	5.2	0	5
black/LtGreen	PILA55_3	PILA	6456/8160	19459	526	-99	5500	-99	1020	0	2018	-99	-99	-99	-99	-99	19	8.26	100	30	9.9	95	3	46.8	12.4	100	5
black/LtGreen	PILA55_3	PILA	6456/8160	19464	526	-99	5500	6	2032	0	2018	-99	-99	10	3.08	100	19	7.21	100	22	9.7	95	3	34.2	8.2	100	5
black/LtGreen	PILA55_3	PILA	6456/8160	19468	526	-99	5500	10	1029	0	2018	-99	-99	11	3.9	100	16.5	6.55	100	23.5	6.3	100	3	31	11.7	100	5
black/LtGreen	PILA55_3	PILA	6456/8160	19471	526	-99	5500	13	2996	0	2018	-99	-99	20	2.8	100	16	4.96	100	30	9.8	90	3	45.2	11.2	100	5
black/LtGreen	PILA55_3	PILA	6456/8160	19473	526	-99	5500	15	2912	0	2018	-99	-99	18	3.97	100	28	8.96	100	58	11.5	95	5	94	26.3	100	5
black/LtGreen	PILA55_3	PILA	6456/8160	19474	526	-99	5500	16	2437	0	2018	-99	-99	14	3.34	100	10.5	5.7	100	15	6.4	100	3	22.6	10.9	100	5
black/LtGreen	PILA55_3	PILA	6456/8160	19465	526	-99	5500	7	2010	0	2018	-99	-99	13	3.18	100	13	7.38	100	19	12.3	100	2	-99	-99	-99	-99
black/LtGreen	PILA55_3	PILA	6456/8160	19469	526	-99	5500	11	2956	0	2018	-99	-99	11	3.16	100	14	8.01	100	15.2	6.4	95	3	-99	-99	-99	-99
black/LtGreen	PILA55_3	PILA	6456/8160	19472	526	-99	5500	14	1020/2021	0	2018	2018	-99	16	3.57	100	-99	-99	-99	-99	-99	-99	-99	-99	-99	-99	-99
black/LtGreen	PILA55_3	PILA	6456/8160	19467	526	-99	5500	9	-99	0	2018	2018	-99	15	2.97	100	-99	-99	-99	-99	-99	-99	-99	-99	-99	-99	-99
black/RegYellow	PILA55_4	PILA	8161	19461	526	-99	5500	15	-99	0	2018	2018	-99	-99	-99	-99	-99	-99	-99	-99	-99	-99	-99	-99	-99	-99	-99
black/RegYellow	PILA55_4	PILA	8161	19461	526	-99	5500	16	-99	0	2018	2018	-99	-99	-99	-99	-99	-99	-99	-99	-99	-99	-99	-99	-99	-99	-99
black/RegYellow	PILA55_4	PILA	8161	19461	526	-99	5500	17	-99	0	2018	2018	-99	-99	-99	-99	-99	-99	-99	-99	-99	-99	-99	-99	-99	-99	-99
black/RegYellow	PILA55_4	PILA	8161	19461	526	-99	5500	18	-99	0	2018	2018	-99	-99	-99	-99	-99	-99	-99	-99	-99	-99	-99	-99	-99	-99	-99
black/RegYellow	PILA55_4	PILA	8161	19461	526	-99	5500	19	-99	0	2018	2018	-99	-99	-99	-99	-99	-99	-99	-99	-99	-99	-99	-99	-99	-99	-99
black/RegYellow	PILA55_4	PILA	8161	19461	526	-99	5500	20	-99	0	2018	2018	-99	-99	-99	-99	-99	-99	-99	-99	-99	-99	-99	-99	-99	-99	-99
black/RegYellow	PILA55_4	PILA	8161	19461	526	-99	5500	21	-99	0	2018	2018	-99	-99	-99	-99	-99	-99	-99	-99	-99	-99	-99	-99	-99	-99	-99
black/RegYellow	PILA55_4	PILA	8161	19461	526	-99	5500	22	-99	0	2018	2018	-99	-99	-99	-99	-99	-99	-99	-99	-99	-99	-99	-99	-99	-99	-99
black/RegYellow	PILA55_4	PILA	8161	19461	526	-99	5500	23	-99	0	2018	2018	-99	-99	-99	-99	-99	-99	-99	-99	-99	-99	-99	-99	-99	-99	-99
black/RegYellow	PILA55_4	PILA	8161	19461	526	-99	5500	24	-99	0	2018	2018	-99	-99	-99	-99	-99	-99	-99	-99	-99	-99	-99	-99	-99	-99	-99
black/RegYellow	PILA55_4	PILA	8161	19461	526	-99	5500	25	-99	0	2018	2018	-99	-99	-99	-99	-99	-99	-99	-99	-99	-99	-99	-99	-99	-99	-99
black/RegYellow	PILA55_4	PILA	8161	19461	526	-99	5500	1	-99	0	2018	2019	-99	15	2.6	100	-99	-99	-99	-99	-99	-99	-99	-99	-99	-99	-99
black/RegYellow	PILA55_4	PILA	8161	19461	526	-99	5500	2	-99	0	2018	2019	-99	16	4.15	100	-99	-99	-99	-99	-99	-99	-99	-99	-99	-99	-99
black/RegYellow	PILA55_4	PILA	8161	19461	526	-99	5500	11	-99	0	2018	2019	-99	12	2.89	100	-99	-99	-99	-99	-99	-99	-99	-99	-99	-99	-99
black/RegYellow	PILA55_4	PILA	8161	19461	526	-99	5500	3	-99	0	2018	2019	-99	12	2.3	100	-99	-99	-99	-99	-99	-99	-99	-99	-99	-99	-99
black/RegYellow	PILA55_4	PILA	8161	19461	526	-99	5500	5	-99	0	2018	2019	-99	13	3.38	100	-99	-99	-99	-99	-99	-99	-99	-99	-99	-99	-99
black/RegYellow	PILA55_4	PILA	8161	19461	526	-99	5500	4	294	0	2018	2020	-99	12	2.62	100	-99	-99	-99	-99	-99	-99	-99	-99	-99	-99	-99
black/RegYellow	PILA55_4	PILA	8161	19461	526	-99	5500	5	2030	0	2018	2021	-99	11	3.19	100	13.5	4.28	100	-99	-99	-99	-99	-99	-99	-99	-99
black/RegYellow	PILA55_4	PILA	8161	19461	526	-99	5500	14	2055	0	2018	2021	-99	5	2.64	75	8	3.97	100	-99	-99	-99	-99	-99	-99	-99	-99
black/RegYellow	PILA55_4	PILA	8161	19461	526	-99	5500	13	2902	0	2018	2021	-99	8	2.29	100	5.5	3.03	75	-99	-99	-99	-99	-99	-99	-99	-99
black/RegYellow	PILA55_4	PILA	8161	19461	526	-99	5500	12	2978	0	2018	2021	-99	12	2.83	100	11	4.01	100	-99	-99	-99	-99	-99	-99	-99	-99
black/RegYellow	PILA55_4	PILA	8161	19461	526	-99	5500	6	2250	1	2018	2021	-99	20	4.76	100	26	9.23	100	37.5	12.7	100	3	38	13.6	0	5
black/RegYellow	PILA55_4	PILA	8161	19461	526	-99	5500	10	2819	1	2018	2021	-99	9	2.35	100	13.5	4.75	100	20.5	5.4	100	3	21.8	6.1	0	5
black/RegYellow	PILA55_4	PILA	8161	19461	526	-99	5500	7	2251	1	2018	-99	-99	8	2.81	100	12	4	100	23	5.7	100	3	20.4	7.1	75	5
black/RegYellow	PILA55_4	PILA	8161	19461	526	-99	5500	8	2842	1	2018	-99	-99	13	2.99	100	18	5.5	100	26	7.62	100	5	37.4	10.9	80	5
black/RegYellow	PILA55_4	PILA	8161	19461	526	-99	5500	3	2177	0	2018	-99	-99	12	3.96	100	14.5	4.54	100	24	5.9	100	3	33.4	7.9	100	5
black/RegYellow	PILA55_4	PILA	8161	19461	526	-99	5500	9	2834	1	2018	-99	-99	14	3.51	100	17.5	5.79	100	23.8	8.7	100	3	39.2	9.7	100	5
clear/black 	PILA50_1	PILA	5942	19531	526	-99	5000	4	21	0	2018	2018	-99	-99	-99	-99	-99	-99	-99	-99	-99	-99	-99	-99	-99	-99	-99
clear/black 	PILA50_1	PILA	5942	19531	526	-99	5000	14	-99	0	2018	2018	-99	-99	-99	-99	-99	-99	-99	-99	-99	-99	-99	-99	-99	-99	-99
clear/black 	PILA50_1	PILA	5942	19531	526	-99	5000	15	-99	0	2018	2018	-99	-99	-99	-99	-99	-99	-99	-99	-99	-99	-99	-99	-99	-99	-99
clear/black 	PILA50_1	PILA	5942	19531	526	-99	5000	16	-99	0	2018	2018	-99	-99	-99	-99	-99	-99	-99	-99	-99	-99	-99	-99	-99	-99	-99
clear/black 	PILA50_1	PILA	5942	19531	526	-99	5000	17	-99	0	2018	2018	-99	-99	-99	-99	-99	-99	-99	-99	-99	-99	-99	-99	-99	-99	-99
clear/black 	PILA50_1	PILA	5942	19531	526	-99	5000	18	-99	0	2018	2018	-99	-99	-99	-99	-99	-99	-99	-99	-99	-99	-99	-99	-99	-99	-99
clear/black 	PILA50_1	PILA	5942	19531	526	-99	5000	19	-99	0	2018	2018	-99	-99	-99	-99	-99	-99	-99	-99	-99	-99	-99	-99	-99	-99	-99
clear/black 	PILA50_1	PILA	5942	19531	526	-99	5000	20	-99	0	2018	2018	-99	-99	-99	-99	-99	-99	-99	-99	-99	-99	-99	-99	-99	-99	-99
clear/black 	PILA50_1	PILA	5942	19531	526	-99	5000	21	-99	0	2018	2018	-99	-99	-99	-99	-99	-99	-99	-99	-99	-99	-99	-99	-99	-99	-99
clear/black 	PILA50_1	PILA	5942	19531	526	-99	5000	6	-99	0	2018	2018	-99	-99	-99	-99	-99	-99	-99	-99	-99	-99	-99	-99	-99	-99	-99
clear/black 	PILA50_1	PILA	5942	19531	526	-99	5000	10	-99	0	2018	2018	-99	-99	-99	-99	-99	-99	-99	-99	-99	-99	-99	-99	-99	-99	-99
clear/black 	PILA50_1	PILA	5942	19531	526	-99	5000	12	-99	0	2018	2018	-99	-99	-99	-99	-99	-99	-99	-99	-99	-99	-99	-99	-99	-99	-99
clear/black 	PILA50_1	PILA	5942	19531	526	-99	5000	13	-99	0	2018	2018	-99	12	2.75	0	-99	-99	-99	-99	-99	-99	-99	-99	-99	-99	-99
clear/black 	PILA50_1	PILA	5942	19531	526	-99	5000	11	-99	0	2018	2019	-99	12	3.15	100	-99	-99	-99	-99	-99	-99	-99	-99	-99	-99	-99
clear/black 	PILA50_1	PILA	5942	19531	526	-99	5000	7	2275	0	2018	2021	-99	13	3.06	100	10	2.9	100	-99	-99	-99	-99	-99	-99	-99	-99
clear/black 	PILA50_1	PILA	5942	19531	526	-99	5000	1	2671	0	2018	2021	-99	11	2.91	100	9	3.17	100	-99	-99	-99	-99	-99	-99	-99	-99
clear/black 	PILA50_1	PILA	5942	19531	526	-99	5000	5	292	0	2018	-99	-99	11	2.83	100	10	4.32	100	-99	-99	-99	-99	15	8.8	75	3
clear/black 	PILA50_1	PILA	5942	19531	526	-99	5000	2	281	0	2018	-99	-99	12	4.5	100	23	7.68	100	39.8	12	100	3	54.2	20.4	100	5
clear/black 	PILA50_1	PILA	5942	19531	526	-99	5000	3	2228	0	2018	-99	-99	21	5.18	100	15	4.34	100	19	7.9	90	2	37.2	12.9	100	5
clear/black 	PILA50_1	PILA	5942	19531	526	-99	5000	8	2840	0	2018	-99	-99	14	3.14	100	19	5.41	100	-99	-99	-99	-99	48.6	13.5	100	5
clear/black 	PILA50_1	PILA	5942	19531	526	-99	5000	9	2778	0	2018	-99	-99	10	2.76	100	15	5.4	100	27.7	8	100	3	-99	-99	-99	-99
clear/clear 	PILA50_2	PILA	6679	19534	526	-99	5000	6	-99	0	2018	2018	-99	-99	-99	-99	-99	-99	-99	-99	-99	-99	-99	-99	-99	-99	-99
clear/clear 	PILA50_2	PILA	6679	19534	526	-99	5000	8	-99	0	2018	2018	-99	-99	-99	-99	-99	-99	-99	-99	-99	-99	-99	-99	-99	-99	-99
clear/clear 	PILA50_2	PILA	6679	19534	526	-99	5000	10	-99	0	2018	2018	-99	7	1.73	100	-99	-99	-99	-99	-99	-99	-99	-99	-99	-99	-99
clear/clear 	PILA50_2	PILA	6679	19534	526	-99	5000	14	-99	0	2018	2018	-99	-99	-99	-99	-99	-99	-99	-99	-99	-99	-99	-99	-99	-99	-99
clear/clear 	PILA50_2	PILA	6679	19534	526	-99	5000	15	-99	0	2018	2018	-99	-99	-99	-99	-99	-99	-99	-99	-99	-99	-99	-99	-99	-99	-99
clear/clear 	PILA50_2	PILA	6679	19534	526	-99	5000	16	-99	0	2018	2018	-99	-99	-99	-99	-99	-99	-99	-99	-99	-99	-99	-99	-99	-99	-99
clear/clear 	PILA50_2	PILA	6679	19534	526	-99	5000	17	-99	0	2018	2018	-99	-99	-99	-99	-99	-99	-99	-99	-99	-99	-99	-99	-99	-99	-99
clear/clear 	PILA50_2	PILA	6679	19534	526	-99	5000	18	-99	0	2018	2018	-99	-99	-99	-99	-99	-99	-99	-99	-99	-99	-99	-99	-99	-99	-99
clear/clear 	PILA50_2	PILA	6679	19534	526	-99	5000	19	-99	0	2018	2018	-99	-99	-99	-99	-99	-99	-99	-99	-99	-99	-99	-99	-99	-99	-99
clear/clear 	PILA50_2	PILA	6679	19534	526	-99	5000	20	-99	0	2018	2018	-99	-99	-99	-99	-99	-99	-99	-99	-99	-99	-99	-99	-99	-99	-99
clear/clear 	PILA50_2	PILA	6679	19534	526	-99	5000	2	-99	0	2018	2019	-99	12	4.01	100	-99	-99	-99	-99	-99	-99	-99	-99	-99	-99	-99
clear/clear 	PILA50_2	PILA	6679	19534	526	-99	5000	3	-99	0	2018	2019	-99	18	3.97	100	-99	-99	-99	-99	-99	-99	-99	-99	-99	-99	-99
clear/clear 	PILA50_2	PILA	6679	19534	526	-99	5000	7	2246	0	2018	2020	-99	12	2.33	100	-99	-99	-99	-99	-99	-99	-99	-99	-99	-99	-99
clear/clear 	PILA50_2	PILA	6679	19534	526	-99	5000	13	2039/2930	0	2018	2020	-99	18	3.29	100	-99	-99	-99	-99	-99	-99	-99	-99	-99	-99	-99
clear/clear 	PILA50_2	PILA	6679	19534	526	-99	5000	5	1569	0	2018	2021	-99	16	3.27	100	12	5.09	100	-99	-99	-99	-99	-99	-99	-99	-99
clear/clear 	PILA50_2	PILA	5942	19531	526	-99	5000	-99	2039	0	2018	2021	-99	-99	-99	-99	22	7.28	100	39	9.4	100	3	44	11.1	0	5
clear/clear 	PILA50_2	PILA	6679	19534	526	-99	5000	11	1019	0	2018	2021	-99	12	3.72	100	15	5.32	100	23	9.1	95	2	25.2	8.2	0	5
clear/clear 	PILA50_2	PILA	6679	19534	526	-99	5000	9	2327	0	2018	2021	-99	12	2.56	100	-99	-99	-99	24	6.1	100	2	25	6.7	0	5
clear/clear 	PILA50_2	PILA	6679	19534	526	-99	5000	4	296	0	2018	-99	-99	14	3.36	100	24	6.52	100	34.9	10.3	100	3	48.4	16.5	100	5
clear/clear 	PILA50_2	PILA	6679	19534	526	-99	5000	1	974	0	2018	-99	-99	20	3.86	100	19.5	10.93	100	41.5	8.6	85	3	53.4	25.1	100	5
clear/clear 	PILA50_2	PILA	6679	19534	526	-99	5000	12	2980	1	2018	-99	-99	17	3.34	100	13.5	4.61	100	18	6.5	90	2	-99	-99	-99	-99
clear/red	PILA50_3	PILA	6042	19523	526	-99	5000	6	-99	0	2018	2018	-99	-99	-99	-99	-99	-99	-99	-99	-99	-99	-99	-99	-99	-99	-99
clear/red	PILA50_3	PILA	6042	19523	526	-99	5000	13	-99	0	2018	2018	-99	-99	-99	-99	-99	-99	-99	-99	-99	-99	-99	-99	-99	-99	-99
clear/red	PILA50_3	PILA	6042	19523	526	-99	5000	1	-99	0	2018	2018	-99	-99	-99	-99	-99	-99	-99	-99	-99	-99	-99	-99	-99	-99	-99
clear/red	PILA50_3	PILA	6042	19523	526	-99	5000	14	-99	0	2018	2018	-99	-99	-99	-99	-99	-99	-99	-99	-99	-99	-99	-99	-99	-99	-99
clear/red	PILA50_3	PILA	6042	19523	526	-99	5000	15	-99	0	2018	2018	-99	-99	-99	-99	-99	-99	-99	-99	-99	-99	-99	-99	-99	-99	-99
clear/red	PILA50_3	PILA	6042	19523	526	-99	5000	16	-99	0	2018	2018	-99	-99	-99	-99	-99	-99	-99	-99	-99	-99	-99	-99	-99	-99	-99
clear/red	PILA50_3	PILA	6042	19523	526	-99	5000	17	-99	0	2018	2018	-99	-99	-99	-99	-99	-99	-99	-99	-99	-99	-99	-99	-99	-99	-99
clear/red	PILA50_3	PILA	6042	19523	526	-99	5000	7	-99	0	2018	2018	-99	9	2.33	50	-99	-99	-99	-99	-99	-99	-99	-99	-99	-99	-99
clear/red	PILA50_3	PILA	6042	19523	526	-99	5000	9	-99	0	2018	2019	-99	7	2.45	100	-99	-99	-99	-99	-99	-99	-99	-99	-99	-99	-99
clear/red	PILA50_3	PILA	6042	19523	526	-99	5000	4	552	0	2018	2020	-99	13	2.52	100	-99	-99	-99	-99	-99	-99	-99	-99	-99	-99	-99
clear/red	PILA50_3	PILA	6042	19523	526	-99	5000	10	2997	0	2018	2021	-99	8	2.52	100	11	2.77	100	-99	-99	-99	-99	-99	-99	-99	-99
clear/red	PILA50_3	PILA	6042	19523	526	-99	5000	3	271	0	2018	2021	-99	16	3.42	100	23	6.92	100	-99	-99	-99	-99	-99	-99	-99	-99
clear/red	PILA50_3	PILA	6042	19523	526	-99	5000	12	2928	1	2018	-99	-99	-99	-99	-99	16	5.97	100	25	8.7	100	3	30.6	10.4	85	5
clear/red	PILA50_3	PILA	6042	19523	526	-99	5000	2	521	0	2018	-99	-99	11	2.89	100	19	5.66	100	33	7.7	100	3	38.8	12.2	100	5
clear/red	PILA50_3	PILA	6042	19523	526	-99	5000	5	2095	0	2018	-99	-99	12	2.39	100	13.5	5.64	100	-99	-99	-99	-99	30.6	10.3	100	5
clear/red	PILA50_3	PILA	6042	19523	526	-99	5000	8	2324	0	2018	-99	-99	9	2.28	100	14	3.1	100	15.2	5.2	90	3	16	5.6	100	5
clear/red	PILA50_3	PILA	6042	19523	526	-99	5000	11	2990	0	2018	-99	-99	12	3.22	100	13	4.13	100	18	6.4	85	2	-99	-99	-99	-99
DkBlue/grey	PILA60_4	PILA	7555	19067	540	-99	6000	10	-99	0	2018	2018	-99	-99	-99	-99	-99	-99	-99	-99	-99	-99	-99	-99	-99	-99	-99
DkBlue/grey	PILA60_4	PILA	7555	19067	540	-99	6000	11	-99	0	2018	2018	-99	-99	-99	-99	-99	-99	-99	-99	-99	-99	-99	-99	-99	-99	-99
DkBlue/grey	PILA60_4	PILA	7555	19067	540	-99	6000	12	-99	0	2018	2018	-99	-99	-99	-99	-99	-99	-99	-99	-99	-99	-99	-99	-99	-99	-99
DkBlue/grey	PILA60_4	PILA	7555	19067	540	-99	6000	2	-99	0	2018	2019	-99	10	2.8	100	-99	-99	-99	-99	-99	-99	-99	-99	-99	-99	-99
DkBlue/grey	PILA60_4	PILA	7555	19067	540	-99	6000	3	180	0	2018	2021	-99	15	2.82	100	12.5	5.21	100	-99	-99	-99	-99	-99	-99	-99	-99
DkBlue/grey	PILA60_4	PILA	7555	19067	540	-99	6000	9	1576	0	2018	2021	-99	12	2.08	100	10	2.86	100	-99	-99	-99	-99	-99	-99	-99	-99
DkBlue/grey	PILA60_4	PILA	7555	19067	540	-99	6000	-99	2216	0	2018	2021	-99	10	2.8	100	14	4.45	100	-99	-99	-99	-99	-99	-99	-99	-99
DkBlue/grey	PILA60_4	PILA	7555	19067	540	-99	6000	8	2784	0	2018	2021	-99	13	3.06	100	17	4.79	100	-99	-99	-99	-99	-99	-99	-99	-99
DkBlue/grey	PILA60_4	PILA	7555	19067	540	-99	6000	1	37	0	2018	-99	-99	15	3.29	100	18	4.88	100	35.6	11.2	100	3	53.6	14.3	100	5
DkBlue/grey	PILA60_4	PILA	7555	19067	540	-99	6000	7	933	0	2018	-99	-99	12	2.08	100	10	2.82	100	-99	-99	-99	-99	18	5.2	100	5
DkBlue/grey	PILA60_4	PILA	7555	19067	540	-99	6000	4	1250	0	2018	-99	-99	16	4.26	100	16	6.28	100	-99	-99	-99	-99	54.8	17.4	100	5
DkBlue/grey	PILA60_4	PILA	7555	19067	540	-99	6000	6	2975	0	2018	-99	-99	14	3.63	100	16.5	4.87	100	23	10.7	100	3	31.2	10.5	100	5
DkBlue/grey	PILA60_4	PILA	7555	19067	540	-99	6000	5	2776	1	2018	-99	-99	9	2.79	100	7	3.95	100	9.5	5	80	3	-99	-99	-99	-99
DkBlue/LtGreen	PILA60_3	PILA	7558	20463	540	-99	6000	8	-99	0	2018	2018	-99	-99	-99	-99	-99	-99	-99	-99	-99	-99	-99	-99	-99	-99	-99
DkBlue/LtGreen	PILA60_3	PILA	7558	20463	540	-99	6000	9	-99	0	2018	2018	-99	-99	-99	-99	-99	-99	-99	-99	-99	-99	-99	-99	-99	-99	-99
DkBlue/LtGreen	PILA60_3	PILA	7558	20463	540	-99	6000	10	-99	0	2018	2018	-99	-99	-99	-99	-99	-99	-99	-99	-99	-99	-99	-99	-99	-99	-99
DkBlue/LtGreen	PILA60_3	PILA	7558	20463	540	-99	6000	11	-99	0	2018	2018	-99	-99	-99	-99	-99	-99	-99	-99	-99	-99	-99	-99	-99	-99	-99
DkBlue/LtGreen	PILA60_3	PILA	7558	20463	540	-99	6000	6	-99	0	2018	2019	-99	6	2.15	100	-99	-99	-99	-99	-99	-99	-99	-99	-99	-99	-99
DkBlue/LtGreen	PILA60_3	PILA	7558	20463	540	-99	6000	1	-99	0	2018	2018	-99	11	2.37	25	-99	-99	-99	-99	-99	-99	-99	-99	-99	-99	-99
DkBlue/LtGreen	PILA60_3	PILA	7558	20463	540	-99	6000	3	-99	0	2018	2019	-99	21	3.98	100	-99	-99	-99	-99	-99	-99	-99	-99	-99	-99	-99
DkBlue/LtGreen	PILA60_3	PILA	7558	20463	540	-99	6000	2	426	0	2018	2020	-99	11	3.56	100	-99	-99	-99	-99	-99	-99	-99	-99	-99	-99	-99
DkBlue/LtGreen	PILA60_3	PILA	7558	20463	540	-99	6000	5	1049	0	2018	2021	-99	10	2.68	100	11	5.43	100	-99	-99	-99	-99	-99	-99	-99	-99
DkBlue/LtGreen	PILA60_3	PILA	7558	20463	540	-99	6000	4	2302	0	2018	-99	-99	12	2.33	100	16	4.84	100	30	8.6	100	2	26.2	9	85	5
DkBlue/LtGreen	PILA60_3	PILA	7558	20463	540	-99	6000	7	2014	0	2018	-99	-99	13	2.79	100	17	5.81	100	26	7.3	100	2	37.2	9.6	100	5
DkBlue/LtGreen	PILA60_3	PILA	7558	20463	540	-99	6000	-99	2248	1	2018	-99	-99	21	3.98	100	26	6.5	100	35	10.4	90	3	-99	-99	-99	-99
DkBlue/Orange	PILA60_2	PILA	7556	20450	540	-99	6000	6	-99	0	2018	2018	-99	-99	-99	-99	-99	-99	-99	-99	-99	-99	-99	-99	-99	-99	-99
DkBlue/Orange	PILA60_2	PILA	7556	20450	540	-99	6000	7	-99	0	2018	2018	-99	-99	-99	-99	-99	-99	-99	-99	-99	-99	-99	-99	-99	-99	-99
DkBlue/Orange	PILA60_2	PILA	7556	20450	540	-99	6000	8	-99	0	2018	2018	-99	-99	-99	-99	-99	-99	-99	-99	-99	-99	-99	-99	-99	-99	-99
DkBlue/Orange	PILA60_2	PILA	7556	20450	540	-99	6000	9	-99	0	2018	2018	-99	-99	-99	-99	-99	-99	-99	-99	-99	-99	-99	-99	-99	-99	-99
DkBlue/Orange	PILA60_2	PILA	7556	20450	540	-99	6000	10	-99	0	2018	2018	-99	-99	-99	-99	-99	-99	-99	-99	-99	-99	-99	-99	-99	-99	-99
DkBlue/Orange	PILA60_2	PILA	7556	20450	540	-99	6000	11	-99	0	2018	2018	-99	-99	-99	-99	-99	-99	-99	-99	-99	-99	-99	-99	-99	-99	-99
DkBlue/Orange	PILA60_2	PILA	7556	20450	540	-99	6000	1	-99	0	2018	2019	-99	13	2.56	100	-99	-99	-99	-99	-99	-99	-99	-99	-99	-99	-99
DkBlue/Orange	PILA60_2	PILA	7556	20450	540	-99	6000	3	1068	0	2018	2021	-99	8	2.31	100	13	8.47	100	-99	-99	-99	-99	-99	-99	-99	-99
DkBlue/Orange	PILA60_2	PILA	7556	20450	540	-99	6000	2	533	0	2018	-99	-99	9	2.65	100	15	4.06	100	20	2.4	100	3	33.8	9.8	100	5
DkBlue/Orange	PILA60_2	PILA	7556	20450	540	-99	6000	NA	2843	0	2018	-99	-99	13	2.56	100	23	5.5	100	33	17.7	100	5	44.6	13.8	100	5
DkBlue/Orange	PILA60_2	PILA	7556	20450	540	-99	6000	5	2911	0	2018	-99	-99	18	3.54	100	26.5	7.07	100	53	11.1	100	5	56.8	15.1	100	5
DkBlue/Orange	PILA60_2	PILA	7556	20450	540	-99	6000	4	2942	0	2018	-99	-99	17	3.13	100	23	6.05	100	34.7	10.3	100	3	41.8	12.2	100	5
DkBlue/red	PILA60_1	PILA	5676	7682	540	-99	6000	6	-99	0	2018	2018	-99	-99	-99	-99	-99	-99	-99	-99	-99	-99	-99	-99	-99	-99	-99
DkBlue/red	PILA60_1	PILA	5676	7682	540	-99	6000	9	-99	0	2018	2018	-99	-99	-99	-99	-99	-99	-99	-99	-99	-99	-99	-99	-99	-99	-99
DkBlue/red	PILA60_1	PILA	5676	7682	540	-99	6000	10	-99	0	2018	2018	-99	-99	-99	-99	-99	-99	-99	-99	-99	-99	-99	-99	-99	-99	-99
DkBlue/red	PILA60_1	PILA	5676	7682	540	-99	6000	11	-99	0	2018	2018	-99	-99	-99	-99	-99	-99	-99	-99	-99	-99	-99	-99	-99	-99	-99
DkBlue/red	PILA60_1	PILA	5676	7682	540	-99	6000	12	-99	0	2018	2018	-99	-99	-99	-99	-99	-99	-99	-99	-99	-99	-99	-99	-99	-99	-99
DkBlue/red	PILA60_1	PILA	5676	7682	540	-99	6000	13	-99	0	2018	2018	-99	-99	-99	-99	-99	-99	-99	-99	-99	-99	-99	-99	-99	-99	-99
DkBlue/red	PILA60_1	PILA	5676	7682	540	-99	6000	14	-99	0	2018	2018	-99	-99	-99	-99	-99	-99	-99	-99	-99	-99	-99	-99	-99	-99	-99
DkBlue/red	PILA60_1	PILA	5676	7682	540	-99	6000	4	-99	0	2018	2019	-99	12	3.38	100	-99	-99	-99	-99	-99	-99	-99	-99	-99	-99	-99
DkBlue/red	PILA60_1	PILA	5676	7682	540	-99	6000	2	421	0	2018	2021	-99	16	2.23	100	16	3.11	100	-99	-99	-99	-99	-99	-99	-99	-99
DkBlue/red	PILA60_1	PILA	5676	7682	540	-99	6000	8	2967	0	2018	2021	-99	10	2.95	100	7.5	2.95	100	-99	-99	-99	-99	-99	-99	-99	-99
DkBlue/red	PILA60_1	PILA	5676	7682	540	-99	6000	-99	2182	0	2018	2021	-99	12	3.38	100	15	5.22	100	21.5	8.8	100	3	23.6	9.8	0	5
DkBlue/red	PILA60_1	PILA	5676	7682	540	-99	6000	5	2381	1	2018	2021	-99	8	3.07	100	8	4.3	100	10	6.2	100	2	10.4	4.1	0	5
DkBlue/red	PILA60_1	PILA	5676	7682	540	-99	6000	3	97	0	2018	-99	-99	10	2.62	100	14	5.83	100	-99	-99	-99	-99	23.6	9	100	5
DkBlue/red	PILA60_1	PILA	5676	7682	540	-99	6000	1	624	0	2018	-99	-99	14	3.19	100	21	6.45	100	34.7	6.4	100	3	63.2	13.8	100	5
DkBlue/red	PILA60_1	PILA	5676	7682	540	-99	6000	7	1004	0	2018	-99	-99	9	2.88	100	13	4.32	100	21	6.9	100	3	27.8	8.6	100	5
DkBlue/RegYellow	PILA60_5	PILA	7557	20459	540	-99	6000	2	-99	0	2018	2018	-99	-99	-99	-99	-99	-99	-99	-99	-99	-99	-99	-99	-99	-99	-99
DkBlue/RegYellow	PILA60_5	PILA	7557	20459	540	-99	6000	3	-99	0	2018	2018	-99	-99	-99	-99	-99	-99	-99	-99	-99	-99	-99	-99	-99	-99	-99
DkBlue/RegYellow	PILA60_5	PILA	7557	20459	540	-99	6000	1	95	0	2018	-99	-99	15	3.3	100	24	6.42	100	-99	-99	-99	-99	54.4	13.5	100	5
DkBlue/SkyBlue	PILA60_6	PILA	7559	20464	540	-99	6000	-99	2012	0	2018	2018	-99	-99	-99	-99	-99	-99	-99	-99	-99	-99	-99	-99	-99	-99	-99
DkBlue/SkyBlue	PILA60_6	PILA	7559	20464	540	-99	6000	7	-99	0	2018	2018	-99	-99	-99	-99	-99	-99	-99	-99	-99	-99	-99	-99	-99	-99	-99
DkBlue/SkyBlue	PILA60_6	PILA	7559	20464	540	-99	6000	8	-99	0	2018	2018	-99	-99	-99	-99	-99	-99	-99	-99	-99	-99	-99	-99	-99	-99	-99
DkBlue/SkyBlue	PILA60_6	PILA	7559	20464	540	-99	6000	9	-99	0	2018	2018	-99	-99	-99	-99	-99	-99	-99	-99	-99	-99	-99	-99	-99	-99	-99
DkBlue/SkyBlue	PILA60_6	PILA	7559	20464	540	-99	6000	1	-99	0	2018	2019	-99	12	2.21	50	-99	-99	-99	-99	-99	-99	-99	-99	-99	-99	-99
DkBlue/SkyBlue	PILA60_6	PILA	7559	20464	540	-99	6000	2	-99	0	2018	2019	-99	8	2.22	100	-99	-99	-99	-99	-99	-99	-99	-99	-99	-99	-99
DkBlue/SkyBlue	PILA60_6	PILA	7559	20464	540	-99	6000	3	-99	0	2018	2019	-99	16	4.14	100	-99	-99	-99	-99	-99	-99	-99	-99	-99	-99	-99
DkBlue/SkyBlue	PILA60_6	PILA	7559	20464	540	-99	6000	4	1076	0	2018	2020	-99	9	2.56	100	-99	-99	-99	-99	-99	-99	-99	-99	-99	-99	-99
DkBlue/SkyBlue	PILA60_6	PILA	7559	20464	540	-99	6000	5	2998	0	2018	2021	-99	7	2.35	100	9.5	4.98	100	18	6.2	100	3	19.2	7.6	0	5
DkBlue/SkyBlue	PILA60_6	PILA	7559	20464	540	-99	6000	6	2922	1	2018	-99	-99	11	2.37	100	13.5	4.37	100	28	10.4	100	3	25.8	9.1	75	5
DkBlue/SkyBlue	PILA60_6	PILA	7559	20464	540	-99	6000	-99	1592	1	2018	-99	-99	-99	-99	-99	15.5	4.8	100	17	5.5	95	3	22.2	8.4	100	5
DkBlue/SkyBlue	PILA60_6	PILA	7559	20464	540	-99	6000	-99	2749	1	2018	-99	-99	16	4.14	100	14.5	6.61	100	27	9.9	100	3	36.6	12.7	100	5
grey/black	PILA45_1	PILA	8243	19303	531	-99	4500	8	-99	0	2018	2018	-99	-99	-99	-99	-99	-99	-99	-99	-99	-99	-99	-99	-99	-99	-99
grey/black	PILA45_1	PILA	8243	19303	531	-99	4500	9	-99	0	2018	2018	-99	-99	-99	-99	-99	-99	-99	-99	-99	-99	-99	-99	-99	-99	-99
grey/black	PILA45_1	PILA	8243	19303	531	-99	4500	2	167	0	2018	2020	-99	12	2.11	100	-99	-99	-99	-99	-99	-99	-99	-99	-99	-99	-99
grey/black	PILA45_1	PILA	8243	19303	531	-99	4500	5	2008	0	2018	2021	-99	12	2.41	100	17	4.47	100	-99	-99	100	5	-99	-99	-99	-99
grey/black	PILA45_1	PILA	8243	19303	531	-99	4500	1	2092	1	2018	-99	-99	13	4.05	100	23	9.21	100	37	11.1	80	3	38.4	13.4	25	5
grey/black	PILA45_1	PILA	8243	19303	531	-99	4500	4	297	0	2018	-99	-99	24	4.26	100	34.5	11.98	100	-99	-99	-99	-99	77.4	27.9	100	5
grey/black	PILA45_1	PILA	8243	19303	531	-99	4500	3	2224	0	2018	-99	-99	14	3.46	100	13	6.35	100	26	9	100	3	46.8	12.9	100	5
grey/black	PILA45_1	PILA	8243	19303	531	-99	4500	6	2779	0	2018	-99	-99	13	4.53	100	16.5	6.65	100	35	9.5	100	3	54.2	13.9	100	5
grey/black	PILA45_1	PILA	8243	19303	531	-99	4500	7	2875	0	2018	-99	-99	12	2.67	100	12.5	3.8	100	14.3	6.7	85	3	20.8	8.6	100	5
grey/clear	PILA45_2	PILA	6250	19328	531	-99	4500	8	-99	0	2018	2018	-99	-99	-99	-99	-99	-99	-99	-99	-99	-99	-99	-99	-99	-99	-99
grey/clear	PILA45_2	PILA	6250	19328	531	-99	4500	1	-99	0	2018	2019	-99	11	3.45	100	-99	-99	-99	-99	-99	-99	-99	-99	-99	-99	-99
grey/clear	PILA45_2	PILA	6250	19328	531	-99	4500	3	-99	0	2018	2019	-99	19	5.02	100	-99	-99	-99	-99	-99	-99	-99	-99	-99	-99	-99
grey/clear	PILA45_2	PILA	6250	19328	531	-99	4500	4	2675	0	2018	2020	-99	11	3.36	100	-99	-99	-99	-99	-99	-99	-99	-99	-99	-99	-99
grey/clear	PILA45_2	PILA	6250	19328	531	-99	4500	6	2952	0	2018	2020	-99	12	3.67	100	-99	-99	-99	-99	-99	-99	-99	-99	-99	-99	-99
grey/clear	PILA45_2	PILA	6250	19328	531	-99	4500	-99	1140	0	2018	2021	-99	-99	-99	-99	21.5	7.13	100	-99	-99	-99	0	31.6	9.3	0	5
grey/clear	PILA45_2	PILA	6250	19328	531	-99	4500	2	99	1	2018	-99	-99	11	2.83	100	14.5	5.75	100	36	6.2	100	2	38.2	8.9	100	5
grey/clear	PILA45_2	PILA	6250	19328	531	-99	4500	5	1001	0	2018	-99	-99	12	2.25	100	15.5	5.11	100	22	8	100	2	31.2	10.1	100	5
grey/clear	PILA45_2	PILA	6250	19328	531	-99	4500	7	2782	0	2018	-99	-99	13	3.96	100	21	5.46	100	34.7	9.6	85	3	46	13.4	100	5
grey/orange	PILA45_3	PILA	8242	19320	531	-99	4500	8	-99	0	2018	2018	-99	-99	-99	-99	-99	-99	-99	-99	-99	-99	-99	-99	-99	-99	-99
grey/orange	PILA45_3	PILA	8242	19320	531	-99	4500	9	-99	0	2018	2018	-99	-99	-99	-99	-99	-99	-99	-99	-99	-99	-99	-99	-99	-99	-99
grey/orange	PILA45_3	PILA	8242	19320	531	-99	4500	2	-99	0	2018	2019	-99	10	2.2	100	-99	-99	-99	-99	-99	-99	-99	-99	-99	-99	-99
grey/orange	PILA45_3	PILA	8242	19320	531	-99	4500	6	-99	0	2018	2019	-99	6	3.05	100	-99	-99	-99	-99	-99	-99	-99	-99	-99	-99	-99
grey/orange	PILA45_3	PILA	8242	19320	531	-99	4500	7	-99	0	2018	2019	-99	15	2.9	100	-99	-99	-99	-99	-99	-99	-99	-99	-99	-99	-99
grey/orange	PILA45_3	PILA	8242	19320	531	-99	4500	3	100	0	2018	2021	-99	14	3.9	100	21	6	100	-99	-99	-99	-99	-99	-99	-99	-99
grey/orange	PILA45_3	PILA	8242	19320	531	-99	4500	4	173	0	2018	-99	-99	10	3.2	100	13.5	4.26	100	-99	-99	-99	-99	29.2	8.3	75	3
grey/orange	PILA45_3	PILA	8242	19320	531	-99	4500	-99	1014	0	2018	-99	-99	-99	-99	-99	13	6.58	100	21	10.6	100	3	26.6	7.6	80	5
grey/orange	PILA45_3	PILA	8242	19320	531	-99	4500	5	2808	0	2018	-99	-99	18	5.3	100	19	7.61	100	22	6.4	100	5	37.8	11.1	85	5
grey/orange	PILA45_3	PILA	8242	19320	531	-99	4500	1	2722	0	2018	-99	-99	12	2.69	100	12	4.78	100	22.5	8.5	100	3	43.8	10.8	100	5
grey/pink	PILA45_4	PILA	8245	19447	531	-99	4500	6	-99	0	2018	2018	-99	-99	-99	-99	-99	-99	-99	-99	-99	-99	-99	-99	-99	-99	-99
grey/pink	PILA45_4	PILA	8245	19447	531	-99	4500	1	-99	0	2018	2019	-99	13	4.76	100	-99	-99	-99	-99	-99	-99	-99	-99	-99	-99	-99
grey/pink	PILA45_4	PILA	8245	19447	531	-99	4500	3	-99	0	2018	2019	-99	15	4.38	100	-99	-99	-99	-99	-99	-99	-99	-99	-99	-99	-99
grey/pink	PILA45_4	PILA	8245	19447	531	-99	4500	5	-99	0	2018	2019	-99	18	3.3	100	-99	-99	-99	-99	-99	-99	-99	-99	-99	-99	-99
grey/pink	PILA45_4	PILA	8245	19447	531	-99	4500	4	-99	0	2018	2019	-99	12	3.18	100	-99	-99	-99	-99	-99	-99	-99	-99	-99	-99	-99
grey/pink	PILA45_4	PILA	8245	19447	531	-99	4500	2	314	0	2018	2021	-99	12	3.2	100	41	21.9	100	-99	-99	-99	-99	-99	-99	-99	-99
grey/pink	PILA45_4	PILA	8245	19447	531	-99	4500	4	2013	1	2018	-99	-99	10	2.76	100	22	5.4	100	40	8.2	100	5	-99	-99	-99	-99
grey/purple	PILA45_5	PILA	7057	19408	531	-99	4500	1	-99	0	2018	2018	-99	-99	-99	-99	-99	-99	-99	-99	-99	-99	-99	-99	-99	-99	-99
grey/purple	PILA45_5	PILA	7057	19408	531	-99	4500	3	1031	0	2018	2021	-99	10	2.3	100	17	4.82	100	-99	-99	-99	-99	-99	-99	-99	-99
grey/purple	PILA45_5	PILA	7057	19408	531	-99	4500	2	2068	0	2018	2021	-99	14	3.03	100	26	6.95	100	-99	-99	-99	-99	-99	-99	-99	-99
grey/purple	PILA45_5	PILA	7057	19408	531	-99	4500	4	2941	0	2018	2021	-99	8	2.39	100	12	3.79	100	-99	-99	-99	-99	-99	-99	-99	-99
grey/red	PILA45_6	PILA	6263	19304	531	-99	4500	3	-99	0	2018	2019	-99	11	2.95	100	-99	-99	-99	-99	-99	-99	-99	-99	-99	-99	-99
grey/red	PILA45_6	PILA	6263	19304	531	-99	4500	2	2865	0	2018	2021	-99	13	2.29	100	14	2.7	100	-99	-99	-99	-99	-99	-99	-99	-99
grey/red	PILA45_6	PILA	6263	19304	531	-99	4500	1	146	0	2018	2021	-99	15	3.51	100	15.5	5.86	100	-99	-99	-99	-99	24	7.5	0	5
grey/red	PILA45_6	PILA	6263	19304	531	-99	4500	4	2220	0	2018	-99	-99	-99	-99	-99	17	3.4	100	-99	-99	-99	-99	74.2	27.3	100	3
grey/RegYellow	PILA45_7	PILA	6264	19410	531	-99	4500	2	-99	0	2018	2018	-99	-99	-99	-99	-99	-99	-99	-99	-99	-99	-99	-99	-99	-99	-99
grey/RegYellow	PILA45_7	PILA	6264	19410	531	-99	4500	5	-99	0	2018	2018	-99	-99	-99	-99	-99	-99	-99	-99	-99	-99	-99	-99	-99	-99	-99
grey/RegYellow	PILA45_7	PILA	6264	19410	531	-99	4500	4	-99	0	2018	2018	-99	-99	-99	-99	-99	-99	-99	-99	-99	-99	-99	-99	-99	-99	-99
grey/RegYellow	PILA45_7	PILA	6264	19410	531	-99	4500	6	-99	0	2018	2018	-99	-99	-99	-99	-99	-99	-99	-99	-99	-99	-99	-99	-99	-99	-99
grey/RegYellow	PILA45_7	PILA	6264	19410	531	-99	4500	1	2214	0	2018	-99	-99	24	4.61	100	22.5	7.46	100	-99	-99	-99	-99	129.8	39.8	100	3
grey/RegYellow	PILA45_7	PILA	6264	19410	531	-99	4500	3	2984	0	2018	-99	-99	13	3.33	100	17	6.23	100	24	7	100	3	-99	-99	-99	-99
grey/SkyBlue	PILA45_8	PILA	8241	19328	531	-99	4500	5	-99	0	2018	2018	-99	-99	-99	-99	-99	-99	-99	-99	-99	-99	-99	-99	-99	-99	-99
grey/SkyBlue	PILA45_8	PILA	8241	19328	531	-99	4500	3	-99	0	2018	2018	-99	-99	-99	-99	-99	-99	-99	-99	-99	-99	-99	-99	-99	-99	-99
grey/SkyBlue	PILA45_8	PILA	8241	19328	531	-99	4500	7	-99	0	2018	2018	-99	-99	-99	-99	-99	-99	-99	-99	-99	-99	-99	-99	-99	-99	-99
grey/SkyBlue	PILA45_8	PILA	8241	19328	531	-99	4500	8	-99	0	2018	2018	-99	-99	-99	-99	-99	-99	-99	-99	-99	-99	-99	-99	-99	-99	-99
grey/SkyBlue	PILA45_8	PILA	8241	19328	531	-99	4500	9	-99	0	2018	2018	-99	-99	-99	-99	-99	-99	-99	-99	-99	-99	-99	-99	-99	-99	-99
grey/SkyBlue	PILA45_8	PILA	8241	19328	531	-99	4500	1	-99	0	2018	2019	-99	15	3.11	75	-99	-99	-99	-99	-99	-99	-99	-99	-99	-99	-99
grey/SkyBlue	PILA45_8	PILA	8241	19328	531	-99	4500	2	92	0	2018	-99	-99	15	4	100	24	8.23	100	-99	-99	-99	-99	46.2	14.1	100	5
grey/SkyBlue	PILA45_8	PILA	8241	19328	531	-99	4500	4	2119	0	2018	-99	-99	15	4.74	100	23	8.82	100	39	13.9	100	3	49.2	17.4	100	5
grey/SkyBlue	PILA45_8	PILA	8241	19328	531	-99	4500	6	2877	0	2018	-99	-99	15	3.58	100	17	6.3	100	30.2	5.5	95	3	49.4	12.2	100	5
Local	PILA50_L	PILA	-99	-99	526	-99	5250	-99	1299	0	2018	2021	-99	-99	-99	-99	29	9.33	100	-99	-99	-99	-99	43	11.9	0	5
Local	PILA50_L	PILA	-99	-99	526	-99	5250	-99	1290	0	2018	2020	-99	-99	-99	-99	23	6.79	100	-99	-99	-99	0	-99	-99	-99	-99
Local	PILA50_L	PILA	-99	-99	526	-99	5250	-99	1120	0	2018	2021	-99	-99	-99	-99	19	5.43	100	-99	-99	-99	-99	-99	-99	-99	-99
Local	PILA50_L	PILA	-99	-99	526	-99	5250	-99	1271	0	2018	2021	-99	-99	-99	-99	9.5	5.47	100	-99	-99	-99	-99	-99	-99	-99	-99
Local	PILA50_L	PILA	-99	-99	526	-99	5250	-99	1278	0	2018	2021	-99	-99	-99	-99	24	7.26	100	-99	-99	-99	-99	-99	-99	-99	-99
Local	PILA50_L	PILA	-99	-99	526	-99	5250	-99	1295	0	2018	2021	-99	-99	-99	-99	12	4.37	100	-99	-99	-99	-99	-99	-99	-99	-99
Local	PILA50_L	PILA	-99	-99	526	-99	5250	-99	1296	0	2018	2021	-99	-99	-99	-99	23	7.14	100	-99	-99	-99	-99	-99	-99	-99	-99
Local	PILA50_L	PILA	-99	-99	526	-99	5250	-99	1297	0	2018	2021	-99	-99	-99	-99	13.5	5.31	100	-99	-99	-99	-99	-99	-99	-99	-99
Local	PILA50_L	PILA	-99	-99	526	-99	5250	-99	1298	0	2018	2021	-99	-99	-99	-99	11.5	4.62	100	-99	-99	-99	-99	-99	-99	-99	-99
Local	PILA50_L	PILA	-99	-99	526	-99	5250	-99	1265	0	2018	-99	-99	-99	-99	-99	15.5	7.3	100	24.3	9.7	20	3	15.4	11.5	5	5
Local	PILA50_L	PILA	-99	-99	526	-99	5250	-99	1300	0	2018	-99	-99	-99	-99	-99	17.5	7.4	100	-99	-99	-99	-99	28.4	11.9	5	5
Local	PILA50_L	PILA	-99	-99	526	-99	5250	-99	1212	0	2018	-99	-99	-99	-99	-99	18	7.87	100	18.4	9.7	80	3	23.8	12.7	75	5
Local	PILA50_L	PILA	-99	-99	526	-99	5250	-99	1266	0	2018	-99	-99	-99	-99	-99	20.5	6.51	100	-99	-99	-99	-99	38.8	10.9	75	5
Local	PILA50_L	PILA	-99	-99	526	-99	5250	-99	1267	0	2018	-99	-99	-99	-99	-99	19	8.04	100	-99	-99	-99	-99	43.2	18.4	75	5
Local	PILA50_L	PILA	-99	-99	526	-99	5250	-99	1294	0	2018	-99	-99	-99	-99	-99	21	9.92	100	-99	-99	-99	-99	39.6	16.7	75	5
Local	PILA50_L	PILA	-99	-99	526	-99	5250	-99	1293	0	2018	-99	-99	-99	-99	-99	30	7.44	100	-99	-99	-99	-99	46.6	12.2	80	5
Local	PILA50_L	PILA	-99	-99	526	-99	5250	-99	1268	0	2018	-99	-99	-99	-99	-99	12.5	6.55	75	19.5	11.5	70	3	21.2	12.2	90	5
Local	PILA50_L	PILA	-99	-99	526	-99	5250	-99	1101	1	2018	-99	-99	-99	-99	-99	34.5	9.84	100	-99	-99	-99	-99	85.2	33.4	100	5
Local	PILA50_L	PILA	-99	-99	526	-99	5250	-99	1102	0	2018	-99	-99	-99	-99	-99	22	10.77	100	-99	-99	-99	-99	80.2	18.3	100	5
Local	PILA50_L	PILA	-99	-99	526	-99	5250	-99	1118	0	2018	-99	-99	-99	-99	-99	22	7.01	100	-99	-99	-99	-99	51.8	18.7	100	5
Local	PILA50_L	PILA	-99	-99	526	-99	5250	-99	1127	0	2018	-99	-99	-99	-99	-99	27	8.1	100	41	13.1	100	3	51.4	15	100	3
Local	PILA50_L	PILA	-99	-99	526	-99	5250	-99	1213	0	2018	-99	-99	-99	-99	-99	34.5	6.81	100	-99	-99	-99	-99	84.8	20.5	100	5
Local	PILA50_L	PILA	-99	-99	526	-99	5250	-99	1269	0	2018	-99	-99	-99	-99	-99	18	6.3	100	31	10	100	3	44.6	18.5	100	5
Local	PILA50_L	PILA	-99	-99	526	-99	5250	-99	1270	0	2018	-99	-99	-99	-99	-99	17.5	6.95	100	19.5	10.3	20	0	57.8	16.7	100	5
Local	PILA50_L	PILA	-99	-99	526	-99	5250	-99	1279	1	2018	-99	-99	-99	-99	-99	25.5	10.4	100	52	16.8	100	5	79.4	29.5	100	5
Local	PILA50_L	PILA	-99	-99	526	-99	5250	-99	1288	0	2018	-99	-99	-99	-99	-99	44.5	12.56	100	68.7	17.5	60	3	74.8	21.9	100	3
Local	PILA50_L	PILA	-99	-99	526	-99	5250	-99	1272	0	2018	-99	-99	-99	-99	-99	22	10.31	100	50.5	16.8	70	5	-99	-99	-99	-99
LtGreen/black	PILA50_4	PILA	5868	19164	532	-99	5000	-99	432	0	2018	2018	-99	-99	-99	-99	-99	-99	-99	-99	-99	-99	-99	-99	-99	-99	-99
LtGreen/black	PILA50_4	PILA	5868	19164	532	-99	5000	1	-99	0	2018	2018	-99	-99	-99	-99	-99	-99	-99	-99	-99	-99	-99	-99	-99	-99	-99
LtGreen/black	PILA50_4	PILA	5868	19164	532	-99	5000	2	-99	0	2018	2018	-99	-99	-99	-99	-99	-99	-99	-99	-99	-99	-99	-99	-99	-99	-99
LtGreen/black	PILA50_4	PILA	5868	19164	532	-99	5000	4	2884	0	2018	-99	-99	10	2.54	50	13	3.75	100	16	5	100	3	22.8	7.7	90	5
LtGreen/black	PILA50_4	PILA	5868	19164	532	-99	5000	3	415	0	2018	-99	-99	14	3.08	100	24	6.15	100	-99	-99	-99	-99	47.4	11.5	100	5
LtGreen/black	PILA50_4	PILA	5868	19164	532	-99	5000	7	2024	0	2018	-99	-99	23	4.78	100	24.5	10.97	100	-99	-99	-99	-99	96.6	22.9	100	5
LtGreen/black	PILA50_4	PILA	5868	19164	532	-99	5000	6	2382	1	2018	-99	-99	17	3.66	100	16	6.58	100	30.8	11.1	100	3	45.6	16.2	100	5
LtGreen/black	PILA50_4	PILA	5868	19164	532	-99	5000	5	1051	0	2018	-99	-99	12	2.35	100	16	4.56	100	86	20.5	100	5	-99	-99	-99	-99
LtGreen/grey	PILA50_5	PILA	8229	19167	532	-99	5000	7	-99	0	2018	2018	-99	-99	-99	-99	-99	-99	-99	-99	-99	-99	-99	-99	-99	-99	-99
LtGreen/grey	PILA50_5	PILA	8229	19167	532	-99	5000	8	-99	0	2018	2018	-99	-99	-99	-99	-99	-99	-99	-99	-99	-99	-99	-99	-99	-99	-99
LtGreen/grey	PILA50_5	PILA	8229	19167	532	-99	5000	9	-99	0	2018	2018	-99	-99	-99	-99	-99	-99	-99	-99	-99	-99	-99	-99	-99	-99	-99
LtGreen/grey	PILA50_5	PILA	8229	19167	532	-99	5000	10	-99	0	2018	2018	-99	-99	-99	-99	-99	-99	-99	-99	-99	-99	-99	-99	-99	-99	-99
LtGreen/grey	PILA50_5	PILA	8229	19167	532	-99	5000	11	-99	0	2018	2018	-99	-99	-99	-99	-99	-99	-99	-99	-99	-99	-99	-99	-99	-99	-99
LtGreen/grey	PILA50_5	PILA	8229	19167	532	-99	5000	1	420	0	2018	2021	-99	13	3.79	100	28.5	8.53	100	-99	-99	-99	-99	-99	-99	-99	-99
LtGreen/grey	PILA50_5	PILA	8229	19167	532	-99	5000	6	179	0	2018	-99	-99	9	3.65	100	10	5	100	14	12.1	100	3	18.8	10	100	5
LtGreen/grey	PILA50_5	PILA	8229	19167	532	-99	5000	4	2927	0	2018	-99	-99	13	3.81	100	21	7.01	100	31	9	100	3	49.4	15.6	100	5
LtGreen/grey	PILA50_5	PILA	8229	19167	532	-99	5000	3	2989	0	2018	-99	-99	14	3.58	100	16	6.25	100	20	7.7	90	2	31	9.5	100	5
LtGreen/grey	PILA50_5	PILA	8229	19167	532	-99	5000	2	2883	1	2018	-99	-99	11	4.21	100	14.5	6.81	100	20	7.6	100	3	-99	-99	-99	-99
LtGreen/grey	PILA50_5	PILA	8229	19167	532	-99	5000	5	2940	0	2018	-99	-99	10	2.85	100	5	3.07	50	6	3.1	85	2	-99	-99	-99	-99
LtGreen/orange	PILA50_6	PILA	5880	19165	532	-99	5000	2	-99	0	2018	2018	-99	-99	-99	-99	-99	-99	-99	-99	-99	-99	-99	-99	-99	-99	-99
LtGreen/orange	PILA50_6	PILA	5880	19165	532	-99	5000	3	-99	0	2018	2018	-99	-99	-99	-99	-99	-99	-99	-99	-99	-99	-99	-99	-99	-99	-99
LtGreen/orange	PILA50_6	PILA	5880	19165	532	-99	5000	1	2233	0	2018	2021	-99	15	3.55	100	10.5	7	100	-99	-99	-99	-99	-99	-99	-99	-99
LtGreen/purple	PILA50_7	PILA	7527	19166	532	-99	5000	3	-99	0	2018	2018	-99	-99	-99	-99	-99	-99	-99	-99	-99	-99	-99	-99	-99	-99	-99
LtGreen/purple	PILA50_7	PILA	7527	19166	532	-99	5000	4	-99	0	2018	2018	-99	-99	-99	-99	-99	-99	-99	-99	-99	-99	-99	-99	-99	-99	-99
LtGreen/purple	PILA50_7	PILA	7527	19166	532	-99	5000	1	2700	1	2018	-99	-99	11	3.07	100	20	4.5	100	26	7.8	100	3	36.2	10.9	100	5
LtGreen/purple	PILA50_7	PILA	7527	19166	532	-99	5000	2	2899	0	2018	-99	-99	11	4.36	100	17	8.46	100	27	7.5	100	3	51.2	16.5	100	5
LtGreen/red	PILA50_8	PILA	5875	19169	532	-99	5000	4	-99	0	2018	2018	-99	-99	-99	-99	-99	-99	-99	-99	-99	-99	-99	-99	-99	-99	-99
LtGreen/red	PILA50_8	PILA	5875	19169	532	-99	5000	2	569	0	2018	2020	-99	9	2.16	100	-99	-99	-99	-99	-99	-99	-99	-99	-99	-99	-99
LtGreen/red	PILA50_8	PILA	5875	19169	532	-99	5000	-99	2007	0	2018	2021	-99	-99	-99	-99	14	5.81	100	-99	-99	-99	-99	-99	-99	-99	-99
LtGreen/red	PILA50_8	PILA	5875	19169	532	-99	5000	-99	2331	0	2018	2021	-99	9	2.16	100	10	3.78	100	-99	-99	-99	-99	-99	-99	-99	-99
LtGreen/red	PILA50_8	PILA	5875	19169	532	-99	5000	3	165	0	2018	2021	-99	13	2.87	100	-99	-99	-99	-99	-99	-99	-99	25.8	7.2	0	5
LtGreen/red	PILA50_8	PILA	5875	19169	532	-99	5000	-99	2091	0	2018	2021	-99	9	2.48	100	11	3.91	100	-99	-99	-99	-99	12	4.4	0	5
LtGreen/red	PILA50_8	PILA	5875	19169	532	-99	5000	1	303	0	2018	-99	-99	9	2.48	100	-99	-99	-99	80.9	28.9	100	5	132.2	61.8	100	3
LtGreen/SkyBlue	PILA50_9	PILA	5456	19187	532	-99	5000	8	-99	0	2018	2018	-99	-99	-99	-99	-99	-99	-99	-99	-99	-99	-99	-99	-99	-99	-99
LtGreen/SkyBlue	PILA50_9	PILA	5456	19187	532	-99	5000	9	-99	0	2018	2018	-99	-99	-99	-99	-99	-99	-99	-99	-99	-99	-99	-99	-99	-99	-99
LtGreen/SkyBlue	PILA50_9	PILA	5456	19187	532	-99	5000	10	-99	0	2018	2018	-99	-99	-99	-99	-99	-99	-99	-99	-99	-99	-99	-99	-99	-99	-99
LtGreen/SkyBlue	PILA50_9	PILA	5456	19187	532	-99	5000	1	-99	0	2018	2019	-99	16	2.94	100	-99	-99	-99	-99	-99	-99	-99	-99	-99	-99	-99
LtGreen/SkyBlue	PILA50_9	PILA	5456	19187	532	-99	5000	6	-99	0	2018	2019	-99	18	4.49	100	-99	-99	-99	-99	-99	-99	-99	-99	-99	-99	-99
LtGreen/SkyBlue	PILA50_9	PILA	5456	19187	532	-99	5000	4	2654	1	2018	2021	-99	7	3.13	100	23	4.61	100	-99	-99	-99	-99	-99	-99	-99	-99
LtGreen/SkyBlue	PILA50_9	PILA	5456	19187	532	-99	5000	2	34	0	2018	-99	-99	16	3.06	100	18.5	4.98	100	29.8	8.6	90	2	34	10.3	100	5
LtGreen/SkyBlue	PILA50_9	PILA	5456	19187	532	-99	5000	3	2141	0	2018	-99	-99	11	2.57	100	13	5.02	100	23.7	10.5	100	3	33	11.9	100	5
LtGreen/SkyBlue	PILA50_9	PILA	5456	19187	532	-99	5000	7	2654	0	2018	-99	-99	16	3.09	100	24	7.99	100	37.2	7.4	100	3	50.8	12	100	3
LtGreen/SkyBlue	PILA50_9	PILA	5456	19187	532	-99	5000	5	2874	0	2018	-99	-99	9	2.72	100	11.5	4.04	100	-99	-99	-99	-99	26	6.5	100	5
LtGreen/SkyBlue	PILA50_9	PILA	5456	19187	532	-99	5000	-99	2873	0	2018	-99	-99	7	3.13	100	13	4.65	100	18	12	100	3	-99	-99	-99	-99
LtGreen/yellow	PILA50_10	PILA	5874	19168	532	-99	5000	1	-99	0	2018	2018	-99	-99	-99	-99	-99	-99	-99	-99	-99	-99	-99	-99	-99	-99	-99
LtGreen/yellow	PILA50_10	PILA	5874	19168	532	-99	5000	3	-99	0	2018	2018	-99	-99	-99	-99	-99	-99	-99	-99	-99	-99	-99	-99	-99	-99	-99
LtGreen/yellow	PILA50_10	PILA	5874	19168	532	-99	5000	4	-99	0	2018	2018	-99	-99	-99	-99	-99	-99	-99	-99	-99	-99	-99	-99	-99	-99	-99
LtGreen/yellow	PILA50_10	PILA	5874	19168	532	-99	5000	2	-99	0	2018	2019	-99	12	2.98	100	-99	-99	-99	-99	-99	-99	-99	-99	-99	-99	-99
LtGreen/yellow	PILA50_10	PILA	5874	19168	532	-99	5000	-99	410	0	2018	2021	-99	-99	-99	-99	20.5	5.28	100	-99	-99	-99	-99	-99	-99	-99	-99
orange/clear	PILA60_7	PILA	8217	19263	533	-99	6000	6	-99	0	2018	2018	-99	-99	-99	-99	-99	-99	-99	-99	-99	-99	-99	-99	-99	-99	-99
orange/clear	PILA60_7	PILA	8217	19263	533	-99	6000	10	-99	0	2018	2018	-99	-99	-99	-99	-99	-99	-99	-99	-99	-99	-99	-99	-99	-99	-99
orange/clear	PILA60_7	PILA	8217	19263	533	-99	6000	13	-99	0	2018	2018	-99	-99	-99	-99	-99	-99	-99	-99	-99	-99	-99	-99	-99	-99	-99
orange/clear	PILA60_7	PILA	8217	19263	533	-99	6000	18	-99	0	2018	2018	-99	-99	-99	-99	-99	-99	-99	-99	-99	-99	-99	-99	-99	-99	-99
orange/clear	PILA60_7	PILA	8217	19263	533	-99	6000	19	-99	0	2018	2018	-99	-99	-99	-99	-99	-99	-99	-99	-99	-99	-99	-99	-99	-99	-99
orange/clear	PILA60_7	PILA	8217	19263	533	-99	6000	1	-99	0	2018	2019	-99	15	3.65	100	-99	-99	-99	-99	-99	-99	-99	-99	-99	-99	-99
orange/clear	PILA60_7	PILA	8217	19263	533	-99	6000	2	-99	0	2018	2019	-99	8	2.59	100	-99	-99	-99	-99	-99	-99	-99	-99	-99	-99	-99
orange/clear	PILA60_7	PILA	8217	19263	533	-99	6000	5	965	0	2018	2020	-99	8	2.19	100	-99	-99	-99	-99	-99	-99	-99	-99	-99	-99	-99
orange/clear	PILA60_7	PILA	8217	19263	533	-99	6000	12	94	0	2018	2021	-99	14	2.5	100	21	4.46	100	-99	-99	-99	-99	-99	-99	-99	-99
orange/clear	PILA60_7	PILA	8217	19263	533	-99	6000	8	405	0	2018	2021	-99	19	2.19	100	20	3.57	100	-99	-99	-99	-99	-99	-99	-99	-99
orange/clear	PILA60_7	PILA	8217	19263	533	-99	6000	7	408	0	2018	2021	-99	10	1.78	100	16	5.85	100	-99	-99	-99	-99	-99	-99	-99	-99
orange/clear	PILA60_7	PILA	8217	19263	533	-99	6000	11	433	0	2018	2021	-99	12	3.07	100	15.5	4.46	100	-99	-99	-99	-99	-99	-99	-99	-99
orange/clear	PILA60_7	PILA	8217	19263	533	-99	6000	17	2661	0	2018	2021	-99	-99	-99	-99	9.5	3.33	100	-99	-99	-99	-99	-99	-99	-99	-99
orange/clear	PILA60_7	PILA	8217	19263	533	-99	6000	14	2121	0	2018	2021	-99	14	2.51	100	14	4.5	100	16.4	5.4	90	3	21	5.4	0	5
orange/clear	PILA60_7	PILA	8217	19263	533	-99	6000	16	2704	0	2018	-99	-99	18	4.4	100	14.5	8.91	100	39.2	13.5	100	3	44.2	17.4	90	5
orange/clear	PILA60_7	PILA	8217	19263	533	-99	6000	9	2017	0	2018	-99	-99	13	4.22	100	19	6.73	100	-99	-99	-99	-99	37.6	15.8	100	5
orange/clear	PILA60_7	PILA	8217	19263	533	-99	6000	4	2112	0	2018	-99	-99	13	4.45	100	14	4.32	100	25	7.1	100	3	33	11.3	100	5
orange/clear	PILA60_7	PILA	8217	19263	533	-99	6000	-99	2149	0	2018	-99	-99	-99	-99	-99	14.5	4.63	100	26.1	7.1	100	3	36.4	12.2	100	5
orange/clear	PILA60_7	PILA	8217	19263	533	-99	6000	15	2219	0	2018	-99	-99	19	3.89	100	22	6.9	100	41	13.2	100	5	65.2	17	100	5
orange/clear	PILA60_7	PILA	8217	19263	533	-99	6000	3	2844	1	2018	-99	-99	15	2.9	100	10.5	5.11	50	9	1.3	50	2	-99	-99	-99	-99
orange/grey	PILA60_8	PILA	8223	19273	533	-99	6000	6	-99	0	2018	2018	-99	-99	-99	-99	-99	-99	-99	-99	-99	-99	-99	-99	-99	-99	-99
orange/grey	PILA60_8	PILA	8223	19273	533	-99	6000	7	-99	0	2018	2018	-99	-99	-99	-99	-99	-99	-99	-99	-99	-99	-99	-99	-99	-99	-99
orange/grey	PILA60_8	PILA	8223	19273	533	-99	6000	8	-99	0	2018	2018	-99	-99	-99	-99	-99	-99	-99	-99	-99	-99	-99	-99	-99	-99	-99
orange/grey	PILA60_8	PILA	8223	19273	533	-99	6000	9	-99	0	2018	2018	-99	-99	-99	-99	-99	-99	-99	-99	-99	-99	-99	-99	-99	-99	-99
orange/grey	PILA60_8	PILA	8223	19273	533	-99	6000	2	-99	0	2018	2019	-99	14	3.51	100	-99	-99	-99	-99	-99	-99	-99	-99	-99	-99	-99
orange/grey	PILA60_8	PILA	8223	19273	533	-99	6000	4	-99	0	2018	2018	-99	12	2.06	50	-99	-99	-99	-99	-99	-99	-99	-99	-99	-99	-99
orange/grey	PILA60_8	PILA	8223	19273	533	-99	6000	3	1139	0	2018	2021	-99	15	3.49	100	18	5.14	100	-99	-99	-99	-99	-99	-99	-99	-99
orange/grey	PILA60_8	PILA	8223	19273	533	-99	6000	1	2191	0	2018	2021	-99	15	2.86	100	8.5	3.29	100	-99	-99	-99	-99	-99	-99	-99	-99
orange/grey	PILA60_8	PILA	8223	19273	533	-99	6000	5	2790	0	2018	-99	-99	9	2.64	100	15	4.72	100	25.1	9.6	100	3	27.4	12.3	75	5
orange/LtGreen	PILA60_9	PILA	8221	19271	533	-99	6000	6	-99	0	2018	2018	-99	-99	-99	-99	-99	-99	-99	-99	-99	-99	-99	-99	-99	-99	-99
orange/LtGreen	PILA60_9	PILA	8221	19271	533	-99	6000	7	-99	0	2018	2018	-99	-99	-99	-99	-99	-99	-99	-99	-99	-99	-99	-99	-99	-99	-99
orange/LtGreen	PILA60_9	PILA	8221	19271	533	-99	6000	8	-99	0	2018	2018	-99	-99	-99	-99	-99	-99	-99	-99	-99	-99	-99	-99	-99	-99	-99
orange/LtGreen	PILA60_9	PILA	8221	19271	533	-99	6000	4	2017	0	2018	2020	-99	8	2.07	100	-99	-99	-99	-99	-99	-99	-99	-99	-99	-99	-99
orange/LtGreen	PILA60_9	PILA	8221	19271	533	-99	6000	2	2131	0	2018	2021	-99	14	3.01	100	16.5	5.98	100	32	7.6	100	3	31	11.8	0	5
orange/LtGreen	PILA60_9	PILA	8221	19271	533	-99	6000	5	2876	1	2018	2021	-99	11	3.62	100	19	6.05	100	20.5	9.3	90	3	22.2	8.3	0	5
orange/LtGreen	PILA60_9	PILA	8221	19271	533	-99	6000	3	1011	0	2018	-99	-99	-99	-99	-99	8.5	3.34	100	14	7.2	90	2	18.2	6.9	100	5
orange/LtGreen	PILA60_9	PILA	8221	19271	533	-99	6000	1	2042	0	2018	-99	-99	15	3.32	100	20	5.65	100	-99	-99	100	3	-99	-99	-99	-99
orange/purple	PILA60_10	PILA	8222	19272	533	-99	6000	4	-99	0	2018	2018	-99	-99	-99	-99	-99	-99	-99	-99	-99	-99	-99	-99	-99	-99	-99
orange/purple	PILA60_10	PILA	8222	19272	533	-99	6000	10	-99	0	2018	2018	-99	-99	-99	-99	-99	-99	-99	-99	-99	-99	-99	-99	-99	-99	-99
orange/purple	PILA60_10	PILA	8222	19272	533	-99	6000	11	-99	0	2018	2018	-99	-99	-99	-99	-99	-99	-99	-99	-99	-99	-99	-99	-99	-99	-99
orange/purple	PILA60_10	PILA	8222	19272	533	-99	6000	12	-99	0	2018	2018	-99	-99	-99	-99	-99	-99	-99	-99	-99	-99	-99	-99	-99	-99	-99
orange/purple	PILA60_10	PILA	8222	19272	533	-99	6000	1	-99	0	2018	2019	-99	10	4.09	100	-99	-99	-99	-99	-99	-99	-99	-99	-99	-99	-99
orange/purple	PILA60_10	PILA	8222	19272	533	-99	6000	2	-99	0	2018	2019	-99	11	2.98	100	-99	-99	-99	-99	-99	-99	-99	-99	-99	-99	-99
orange/purple	PILA60_10	PILA	8222	19272	533	-99	6000	-99	2353	0	2018	2020	-99	-99	-99	-99	15	3.4	50	-99	-99	-99	-99	-99	-99	-99	-99
orange/purple	PILA60_10	PILA	8222	19272	533	-99	6000	5	2384	0	2018	2021	-99	13	2.38	100	13.5	5.14	100	-99	-99	-99	-99	-99	-99	-99	-99
orange/purple	PILA60_10	PILA	8222	19272	533	-99	6000	8	2960	0	2018	2021	-99	7	2	100	8.5	3.02	100	14.5	5	90	3	15.2	6.1	0	5
orange/purple	PILA60_10	PILA	8222	19272	533	-99	6000	9	2785	0	2018	-99	-99	10	2.38	100	7	3.47	100	-99	-99	-99	-99	10.2	4.4	75	5
orange/purple	PILA60_10	PILA	8222	19272	533	-99	6000	7	2929	0	2018	-99	-99	13	3.28	100	13.5	5.86	100	30.5	12.2	100	3	38.4	12.8	85	5
orange/purple	PILA60_10	PILA	8222	19272	533	-99	6000	3	308	0	2018	-99	-99	11	3.53	100	19.5	7.05	100	33	10.3	100	2	43.4	11.9	100	5
orange/purple	PILA60_10	PILA	8222	19272	533	-99	6000	-99	2712	1	2018	-99	-99	11	2.98	100	13.5	6.08	100	23.5	7.9	100	3	35.8	10.7	100	5
orange/purple	PILA60_10	PILA	8222	19272	533	-99	6000	6	2935	1	2018	-99	-99	15	3.74	100	22.5	7.35	100	38.6	9.7	100	3	47.8	10	100	5
orange/red	PILA60_11	PILA	5757	19279	533	-99	6000	2	438	0	2018	2018	-99	-99	-99	-99	-99	-99	-99	-99	-99	-99	-99	-99	-99	-99	-99
orange/red	PILA60_11	PILA	5757	19279	533	-99	6000	3	-99	0	2018	2018	-99	-99	-99	-99	-99	-99	-99	-99	-99	-99	-99	-99	-99	-99	-99
orange/red	PILA60_11	PILA	5757	19279	533	-99	6000	4	-99	0	2018	2018	-99	-99	-99	-99	-99	-99	-99	-99	-99	-99	-99	-99	-99	-99	-99
orange/red	PILA60_11	PILA	5757	19279	533	-99	6000	5	-99	0	2018	2018	-99	-99	-99	-99	-99	-99	-99	-99	-99	-99	-99	-99	-99	-99	-99
orange/red	PILA60_11	PILA	5757	19279	533	-99	6000	6	-99	0	2018	2018	-99	-99	-99	-99	-99	-99	-99	-99	-99	-99	-99	-99	-99	-99	-99
orange/red	PILA60_11	PILA	5757	19279	533	-99	6000	7	-99	0	2018	2018	-99	-99	-99	-99	-99	-99	-99	-99	-99	-99	-99	-99	-99	-99	-99
orange/red	PILA60_11	PILA	5757	19279	533	-99	6000	-99	2028	0	2018	2021	-99	14	2.7	100	-99	-99	-99	-99	-99	-99	-99	38	10	0	5
orange/red	PILA60_11	PILA	5757	19279	533	-99	6000	1	232	0	2018	2020	-99	14	2.7	100	-99	-99	-99	-99	-99	-99	-99	-99	-99	-99	-99
orange/red	PILA60_11	PILA	5757	19279	533	-99	6000	-99	2218	0	2018	-99	-99	-99	-99	-99	12	3.03	100	19.8	9.9	100	3	38.2	12.1	100	5
pink/grey	PILA50_11	PILA	6384	19411	531	-99	5000	3	-99	0	2018	2018	-99	-99	-99	-99	-99	-99	-99	-99	-99	-99	-99	-99	-99	-99	-99
pink/grey	PILA50_11	PILA	6384	19411	531	-99	5000	4	-99	0	2018	2018	-99	-99	-99	-99	-99	-99	-99	-99	-99	-99	-99	-99	-99	-99	-99
pink/grey	PILA50_11	PILA	6384	19411	531	-99	5000	5	-99	0	2018	2018	-99	-99	-99	-99	-99	-99	-99	-99	-99	-99	-99	-99	-99	-99	-99
pink/grey	PILA50_11	PILA	6384	19411	531	-99	5000	6	-99	0	2018	2018	-99	-99	-99	-99	-99	-99	-99	-99	-99	-99	-99	-99	-99	-99	-99
pink/grey	PILA50_11	PILA	6384	19411	531	-99	5000	7	-99	0	2018	2018	-99	-99	-99	-99	-99	-99	-99	-99	-99	-99	-99	-99	-99	-99	-99
pink/grey	PILA50_11	PILA	6384	19411	531	-99	5000	1	2229	0	2018	2021	-99	13	3.22	100	43	12.5	100	-99	-99	-99	-99	-99	-99	-99	-99
pink/grey	PILA50_11	PILA	6384	19411	531	-99	5000	2	1009	1	2018	-99	-99	4	3.04	100	8	4.88	100	15	2.8	100	2	-99	-99	-99	-99
pink/black	PILA50_12	PILA	6402	19331	531	-99	5000	4	-99	0	2018	2018	-99	-99	-99	-99	-99	-99	-99	-99	-99	-99	-99	-99	-99	-99	-99
pink/black	PILA50_12	PILA	6402	19331	531	-99	5000	3	-99	0	2018	2018	-99	7	2.25	50	-99	-99	-99	-99	-99	-99	-99	-99	-99	-99	-99
pink/black	PILA50_12	PILA	6402	19331	531	-99	5000	1	2213	0	2018	2021	-99	10	2.99	100	19.5	8.05	100	-99	-99	-99	-99	-99	-99	-99	-99
pink/black	PILA50_12	PILA	6402	19331	531	-99	5000	2	2190	0	2018	-99	-99	14	3.95	100	16	6.75	100	23	10.2	100	3	46.8	15	100	5
pink/black	PILA50_12	PILA	6402	19331	531	-99	5000	-99	2773	0	2018	-99	-99	-99	-99	-99	14	5.74	100	19	6	100	2	29.2	8	100	5
pink/clear	PILA50_13	PILA	7066	20355	531	-99	5000	3	-99	0	2018	2018	-99	-99	-99	-99	-99	-99	-99	-99	-99	-99	-99	-99	-99	-99	-99
pink/clear	PILA50_13	PILA	7066	20355	531	-99	5000	4	-99	0	2018	2018	-99	-99	-99	-99	-99	-99	-99	-99	-99	-99	-99	-99	-99	-99	-99
pink/clear	PILA50_13	PILA	7066	20355	531	-99	5000	5	-99	0	2018	2018	-99	-99	-99	-99	-99	-99	-99	-99	-99	-99	-99	-99	-99	-99	-99
pink/clear	PILA50_13	PILA	7066	20355	531	-99	5000	2	2190	0	2018	2019	-99	16	4.83	100	-99	-99	-99	-99	-99	-99	-99	-99	-99	100	-99
pink/clear	PILA50_13	PILA	7066	20355	531	-99	5000	1	2213	0	2018	-99	-99	24	5.4	100	-99	-99	-99	-99	-99	-99	-99	49	19.7	100	5
pink/clear	PILA50_13	PILA	7066	20355	531	-99	5000	6	2816	0	2018	-99	-99	12	3.1	100	21	4.92	100	26.4	10	90	3	41.4	12.2	100	5
pink/DkBlue	PILA50_14	PILA	7065	20354	531	-99	5000	4	-99	0	2018	2018	-99	-99	-99	-99	-99	-99	-99	-99	-99	-99	-99	-99	-99	-99	-99
pink/DkBlue	PILA50_14	PILA	7065	20354	531	-99	5000	2	-99	0	2018	2018	-99	-99	-99	-99	-99	-99	-99	-99	-99	-99	-99	-99	-99	-99	-99
pink/DkBlue	PILA50_14	PILA	7065	20354	531	-99	5000	7	-99	0	2018	2018	-99	-99	-99	-99	-99	-99	-99	-99	-99	-99	-99	-99	-99	-99	-99
pink/DkBlue	PILA50_14	PILA	7065	20354	531	-99	5000	8	-99	0	2018	2018	-99	-99	-99	-99	-99	-99	-99	-99	-99	-99	-99	-99	-99	-99	-99
pink/DkBlue	PILA50_14	PILA	7065	20354	531	-99	5000	9	-99	0	2018	2018	-99	-99	-99	-99	-99	-99	-99	-99	-99	-99	-99	-99	-99	-99	-99
pink/DkBlue	PILA50_14	PILA	7065	20354	531	-99	5000	1	-99	0	2018	2019	-99	14	3.18	100	-99	-99	-99	-99	-99	-99	-99	-99	-99	-99	-99
pink/DkBlue	PILA50_14	PILA	7065	20354	531	-99	5000	5	263	0	2018	2020	-99	11	2.78	100	-99	-99	-99	-99	-99	-99	-99	-99	-99	-99	-99
pink/DkBlue	PILA50_14	PILA	7065	20354	531	-99	5000	6	401	0	2018	-99	-99	-99	-99	-99	24	5.78	100	34	8.8	100	3	49.6	16.7	100	5
pink/DkBlue	PILA50_14	PILA	7065	20354	531	-99	5000	3	2019	0	2018	-99	-99	21	4.68	100	-99	-99	-99	62.4	18	100	5	-99	-99	-99	-99
pink/LtGreen	PILA50_15	PILA	7526	19349	531	-99	5000	3	-99	0	2018	2018	-99	-99	-99	-99	-99	-99	-99	-99	-99	-99	-99	-99	-99	-99	-99
pink/LtGreen	PILA50_15	PILA	7526	19349	531	-99	5000	4	-99	0	2018	2018	-99	-99	-99	-99	-99	-99	-99	-99	-99	-99	-99	-99	-99	-99	-99
pink/LtGreen	PILA50_15	PILA	7526	19349	531	-99	5000	5	-99	0	2018	2018	-99	-99	-99	-99	-99	-99	-99	-99	-99	-99	-99	-99	-99	-99	-99
pink/LtGreen	PILA50_15	PILA	7526	19349	531	-99	5000	6	-99	0	2018	2018	-99	-99	-99	-99	-99	-99	-99	-99	-99	-99	-99	-99	-99	-99	-99
pink/LtGreen	PILA50_15	PILA	7526	19349	531	-99	5000	7	-99	0	2018	2018	-99	-99	-99	-99	-99	-99	-99	-99	-99	-99	-99	-99	-99	-99	-99
pink/LtGreen	PILA50_15	PILA	7526	19349	531	-99	5000	1	523	0	2018	-99	-99	10	3.08	100	16.5	5.02	100	21	7.5	100	3	30.2	9.4	100	5
pink/LtGreen	PILA50_15	PILA	7526	19349	531	-99	5000	2	629	0	2018	-99	-99	16	5.2	100	31	9.72	100	47	16.2	100	5	66	23.5	100	5
pink/orange	PILA50_16	PILA	6395	19436	531	-99	5000	3	-99	0	2018	2018	-99	-99	-99	-99	-99	-99	-99	-99	-99	-99	-99	-99	-99	-99	-99
pink/orange	PILA50_16	PILA	6395	19436	531	-99	5000	1	2914	1	2018	-99	-99	8	2.56	100	10	3.48	100	16.5	5.9	95	3	21.8	6.4	75	5
pink/orange	PILA50_16	PILA	6395	19436	531	-99	5000	2	2379	1	2018	-99	-99	7	2.28	100	11	3.07	100	15	7.2	90	3	21.4	6.9	100	5
pink/purple	PILA50_17	PILA	6397	19322	531	-99	5000	3	-99	0	2018	2018	-99	-99	-99	-99	-99	-99	-99	-99	-99	-99	-99	-99	-99	-99	-99
pink/purple	PILA50_17	PILA	6397	19322	531	-99	5000	1	-99	0	2018	2018	-99	-99	-99	-99	-99	-99	-99	-99	-99	-99	-99	-99	-99	-99	-99
pink/purple	PILA50_17	PILA	6397	19322	531	-99	5000	7	-99	0	2018	2018	-99	-99	-99	-99	-99	-99	-99	-99	-99	-99	-99	-99	-99	-99	-99
pink/purple	PILA50_17	PILA	6397	19322	531	-99	5000	8	-99	0	2018	2018	-99	-99	-99	-99	-99	-99	-99	-99	-99	-99	-99	-99	-99	-99	-99
pink/purple	PILA50_17	PILA	6397	19322	531	-99	5000	9	-99	0	2018	2018	-99	-99	-99	-99	-99	-99	-99	-99	-99	-99	-99	-99	-99	-99	-99
pink/purple	PILA50_17	PILA	6397	19322	531	-99	5000	2	38	0	2018	2021	-99	17	4.23	100	22	9.01	100	-99	-99	-99	-99	-99	-99	-99	-99
pink/purple	PILA50_17	PILA	6397	19322	531	-99	5000	6	2923	0	2018	2021	-99	9	3.18	100	8.5	4.35	100	9	4.8	100	2	16	7.4	0	5
pink/purple	PILA50_17	PILA	6397	19322	531	-99	5000	4	2999	0	2018	2021	-99	14	3.24	100	5.5	6.55	100	12	3.1	95	2	13	7.7	0	5
pink/purple	PILA50_17	PILA	6397	19322	531	-99	5000	5	2954	1	2018	-99	-99	15	3	100	18.5	5.47	100	27.4	9.8	95	3	34.6	9.8	100	5
pink/red	PILA50_18	PILA	6259	19414	531	-99	5000	3	1698	0	2018	2021	-99	10	2.75	50	12.5	4.02	100	-99	-99	-99	-99	-99	-99	-99	-99
pink/red	PILA50_18	PILA	6259	19414	531	-99	5000	1	2053	0	2018	-99	-99	15	3.3	100	19	5.76	100	35	9	100	3	40.2	11.9	100	5
pink/red	PILA50_18	PILA	6259	19414	531	-99	5000	4	2325	1	2018	-99	-99	10	3.87	100	15	7.26	100	28	7.3	100	3	38.2	13.3	100	5
pink/red	PILA50_18	PILA	6259	19414	531	-99	5000	5	2746	0	2018	-99	-99	11	4.5	100	23	8.48	100	41	7.3	100	3	48.8	16.8	100	5
pink/red	PILA50_18	PILA	6259	19414	531	-99	5000	6	2777	1	2018	-99	-99	-99	-99	-99	16	6.75	100	29	8.5	100	2	46.2	13.4	100	5
pink/red	PILA50_18	PILA	6259	19414	531	-99	5000	2	2841	0	2018	-99	-99	22	4.32	100	31	8.4	100	60	11.8	100	3	68.8	18.5	100	5
pink/RegYellow	PILA50_19	PILA	6400	19323	531	-99	5000	4	-99	0	2018	2019	-99	13	5.35	100	-99	-99	-99	-99	-99	-99	-99	-99	-99	-99	-99
pink/RegYellow	PILA50_19	PILA	6400	19323	531	-99	5000	2	2118	0	2018	2021	-99	10	3.2	100	17	6.2	100	39.5	10.6	100	3	37	14	0	5
pink/RegYellow	PILA50_19	PILA	6400	19323	531	-99	5000	3	2023	0	2018	-99	-99	14	4.8	100	13	5.79	100	24.5	15.3	100	3	51.4	18.4	100	5
pink/RegYellow	PILA50_19	PILA	6400	19323	531	-99	5000	1	2148	0	2018	-99	-99	20	4.83	100	25.5	8.63	100	45	8.4	100	5	70.2	21.1	100	5
pink/SkyBlue	PILA50_20	PILA	6905	20356	531	-99	5000	3	-99	0	2018	2018	-99	-99	-99	-99	-99	-99	-99	-99	-99	-99	-99	-99	-99	-99	-99
pink/SkyBlue	PILA50_20	PILA	6905	20356	531	-99	5000	4	-99	0	2018	2018	-99	-99	-99	-99	-99	-99	-99	-99	-99	-99	-99	-99	-99	-99	-99
pink/SkyBlue	PILA50_20	PILA	6905	20356	531	-99	5000	1	-99	0	2018	2019	-99	17	4.33	100	-99	-99	-99	-99	-99	-99	-99	-99	-99	-99	-99
pink/SkyBlue	PILA50_20	PILA	6905	20356	531	-99	5000	2	2920	1	2018	2021	-99	13	4.06	100	10	4.23	100	11	3.3	100	4	17	5.7	0	5
purple/orange	PILA50_21	PILA	7532	-99	531	-99	5000	10	-99	0	2018	2018	-99	-99	-99	-99	-99	-99	-99	-99	-99	-99	-99	-99	-99	-99	-99
purple/orange	PILA50_21	PILA	7533	-99	531	-99	5000	11	-99	0	2018	2018	-99	-99	-99	-99	-99	-99	-99	-99	-99	-99	-99	-99	-99	-99	-99
purple/orange	PILA50_21	PILA	7534	-99	531	-99	5000	12	-99	0	2018	2018	-99	-99	-99	-99	-99	-99	-99	-99	-99	-99	-99	-99	-99	-99	-99
purple/orange	PILA50_21	PILA	7535	-99	531	-99	5000	13	-99	0	2018	2018	-99	-99	-99	-99	-99	-99	-99	-99	-99	-99	-99	-99	-99	-99	-99
purple/orange	PILA50_21	PILA	7526	-99	531	-99	5000	4	-99	0	2018	2019	-99	9	2.45	100	-99	-99	-99	-99	-99	-99	-99	-99	-99	-99	-99
purple/orange	PILA50_21	PILA	7527	-99	531	-99	5000	5	-99	0	2018	2019	-99	10	2.13	100	-99	-99	-99	-99	-99	-99	-99	-99	-99	-99	-99
purple/orange	PILA50_21	PILA	7531	-99	531	-99	5000	9	-99	0	2018	2019	-99	9	2.01	75	-99	-99	-99	-99	-99	-99	-99	-99	-99	-99	-99
purple/orange	PILA50_21	PILA	7525	-99	531	-99	5000	3	403	0	2018	2020	-99	14	2.15	100	12	3.06	50	-99	-99	-99	-99	-99	-99	-99	-99
purple/orange	PILA50_21	PILA	7528	-99	531	-99	5000	6	2839	0	2018	2021	-99	16	3.49	100	24	6	100	-99	-99	-99	-99	36	9.4	0	5
purple/orange	PILA50_21	PILA	7529	-99	531	-99	5000	7	2703	0	2018	2021	-99	19	2.52	100	11.5	4.6	100	13.5	5.8	90	1	13	6.5	0	5
purple/orange	PILA50_21	PILA	7523	-99	531	-99	5000	1	2020	1	2018	-99	-99	13	4.5	100	-99	-99	-99	45	10.5	100	5	78.2	26.6	100	5
purple/orange	PILA50_21	PILA	7524	-99	531	-99	5000	2	1572	0	2018	-99	-99	14	2.87	100	29.5	7.41	100	-99	-99	-99	-99	52.2	14.9	100	3
purple/orange	PILA50_21	PILA	7530	-99	531	-99	5000	8	2892	0	2018	-99	-99	13	3.36	100	20	5.37	100	32	7.5	100	3	-99	-99	-99	-99
red/black	PILA60_12	PILA	5906	19188	532	-99	6000	1	-99	0	2018	2018	-99	-99	-99	-99	-99	-99	-99	-99	-99	-99	-99	-99	-99	-99	-99
red/black	PILA60_12	PILA	5906	19188	532	-99	6000	7	-99	0	2018	2018	-99	-99	-99	-99	-99	-99	-99	-99	-99	-99	-99	-99	-99	-99	-99
red/black	PILA60_12	PILA	5906	19188	532	-99	6000	8	-99	0	2018	2018	-99	-99	-99	-99	-99	-99	-99	-99	-99	-99	-99	-99	-99	-99	-99
red/black	PILA60_12	PILA	5906	19188	532	-99	6000	9	-99	0	2018	2018	-99	-99	-99	-99	-99	-99	-99	-99	-99	-99	-99	-99	-99	-99	-99
red/black	PILA60_12	PILA	5906	19188	532	-99	6000	10	-99	0	2018	2018	-99	-99	-99	-99	-99	-99	-99	-99	-99	-99	-99	-99	-99	-99	-99
red/black	PILA60_12	PILA	5906	19188	532	-99	6000	2	-99	0	2018	2019	-99	13	2.3	100	-99	-99	-99	-99	-99	-99	-99	-99	-99	-99	-99
red/black	PILA60_12	PILA	5906	19188	532	-99	6000	6	1692	0	2018	2021	-99	13	3.14	100	19.5	6.12	100	-99	-99	-99	-99	-99	-99	-99	-99
red/black	PILA60_12	PILA	5906	19188	532	-99	6000	3	2247	0	2018	2021	-99	12	3.08	100	11	3	100	17	7.4	100	2	19.6	10.2	0	5
red/black	PILA60_12	PILA	5906	19188	532	-99	6000	4	2323	0	2018	2021	-99	8	2.48	100	10	2.5	100	17.5	7.3	100	2	21.2	6.6	0	5
red/black	PILA60_12	PILA	5906	19188	532	-99	6000	5	2750	1	2018	-99	-99	18	3.97	100	24.5	7.52	100	35	12.2	100	3	60.2	15.6	85	5
red/clear	PILA60_13	PILA	7533	19193	532	-99	6000	3	-99	0	2018	2018	-99	-99	-99	-99	-99	-99	-99	-99	-99	-99	-99	-99	-99	-99	-99
red/clear	PILA60_13	PILA	7533	19193	532	-99	6000	7	-99	0	2018	2018	-99	-99	-99	-99	-99	-99	-99	-99	-99	-99	-99	-99	-99	-99	-99
red/clear	PILA60_13	PILA	7533	19193	532	-99	6000	8	-99	0	2018	2018	-99	-99	-99	-99	-99	-99	-99	-99	-99	-99	-99	-99	-99	-99	-99
red/clear	PILA60_13	PILA	7533	19193	532	-99	6000	9	-99	0	2018	2018	-99	-99	-99	-99	-99	-99	-99	-99	-99	-99	-99	-99	-99	-99	-99
red/clear	PILA60_13	PILA	7533	19193	532	-99	6000	10	-99	0	2018	2018	-99	-99	-99	-99	-99	-99	-99	-99	-99	-99	-99	-99	-99	-99	-99
red/clear	PILA60_13	PILA	7533	19193	532	-99	6000	11	-99	0	2018	2018	-99	-99	-99	-99	-99	-99	-99	-99	-99	-99	-99	-99	-99	-99	-99
red/clear	PILA60_13	PILA	7533	19193	532	-99	6000	1	-99	0	2018	2019	-99	10	3.18	100	-99	-99	-99	-99	-99	-99	-99	-99	-99	-99	-99
red/clear	PILA60_13	PILA	7533	19193	532	-99	6000	-99	2806	0	2018	2021	-99	-99	-99	-99	31	6.5	100	-99	-99	-99	-99	-99	-99	-99	-99
red/clear	PILA60_13	PILA	7533	19193	532	-99	6000	6	2786	0	2018	2021	-99	15	3.91	100	13.5	4.96	100	22.3	7.5	100	3	22.2	7.3	0	5
red/clear	PILA60_13	PILA	7533	19193	532	-99	6000	5	2383	0	2018	-99	-99	22	3.79	-99	28.5	7.15	100	44	6.3	95	5	71	18.5	100	5
red/clear	PILA60_13	PILA	7533	19193	532	-99	6000	4	2831	0	2018	-99	-99	-99	-99	-99	18	4.13	100	-99	-99	-99	-99	26.2	12.3	100	5
red/clear	PILA60_13	PILA	7533	19193	532	-99	6000	2	2985	0	2018	-99	-99	12	4.09	100	15.5	7.15	100	21	9.7	100	3	30.2	10.8	100	5
red/DkBlue	PILA60_14	PILA	5890	19153	532	-99	6000	8	-99	0	2018	2018	-99	-99	-99	-99	-99	-99	-99	-99	-99	-99	-99	-99	-99	-99	-99
red/DkBlue	PILA60_14	PILA	5890	19153	532	-99	6000	1	-99	0	2018	2019	-99	23	4.03	100	-99	-99	-99	-99	-99	-99	-99	-99	-99	-99	-99
red/DkBlue	PILA60_14	PILA	5890	19153	532	-99	6000	5	-99	0	2018	2019	-99	6	2.69	100	-99	-99	-99	-99	-99	-99	-99	-99	-99	-99	-99
red/DkBlue	PILA60_14	PILA	5890	19153	532	-99	6000	7	2986	0	2018	2020	-99	10	3.8	100	-99	-99	-99	-99	-99	-99	-99	-99	-99	-99	-99
red/DkBlue	PILA60_14	PILA	5890	19153	532	-99	6000	4	1081	0	2018	2021	-99	11	2.62	100	13.5	3.95	100	-99	-99	-99	-99	-99	-99	-99	-99
red/DkBlue	PILA60_14	PILA	5890	19153	532	-99	6000	2	2215	0	2018	2021	-99	-99	-99	-99	20	7.43	100	-99	-99	-99	-99	-99	-99	-99	-99
red/DkBlue	PILA60_14	PILA	5890	19153	532	-99	6000	-99	1028	0	2018	2021	-99	-99	-99	-99	11.5	4.31	100	-99	-99	-99	-99	13.2	7.2	0	5
red/DkBlue	PILA60_14	PILA	5890	19153	532	-99	6000	-99	27	0	2018	-99	-99	-99	-99	-99	27.5	11.23	100	54	3.7	100	5	94.2	28.3	100	5
red/DkBlue	PILA60_14	PILA	5890	19153	532	-99	6000	3	130	0	2018	-99	-99	15	4.34	100	16	7.42	100	34	9.3	100	3	49.4	16.6	100	5
red/DkBlue	PILA60_14	PILA	5890	19153	532	-99	6000	6	1035	1	2018	-99	-99	9	4.01	100	11	6.19	100	15	6.6	90	2	25.4	7.9	100	5
red/grey	PILA60_15	PILA	5907	19192	532	-99	6000	9	-99	0	2018	2018	-99	-99	-99	-99	-99	-99	-99	-99	-99	-99	-99	-99	-99	-99	-99
red/grey	PILA60_15	PILA	5907	19192	532	-99	6000	10	-99	0	2018	2018	-99	-99	-99	-99	-99	-99	-99	-99	-99	-99	-99	-99	-99	-99	-99
red/grey	PILA60_15	PILA	5907	19192	532	-99	6000	4	-99	0	2018	2019	-99	19	4.31	100	-99	-99	-99	-99	-99	-99	-99	-99	-99	-99	-99
red/grey	PILA60_15	PILA	5907	19192	532	-99	6000	2	402	0	2018	2021	-99	11	2.8	100	13.5	4.58	100	-99	-99	-99	-99	-99	-99	-99	-99
red/grey	PILA60_15	PILA	5907	19192	532	-99	6000	3	427	0	2018	2021	-99	11	3.44	100	10.5	6.52	100	-99	-99	-99	-99	-99	-99	-99	-99
red/grey	PILA60_15	PILA	5907	19192	532	-99	6000	1	2727	0	2018	2021	-99	9	3.25	100	14.5	5.73	100	-99	-99	-99	-99	-99	-99	-99	-99
red/grey	PILA60_15	PILA	5907	19192	532	-99	6000	5	2009	0	2018	-99	-99	12	3.74	100	18	6.63	100	25	12.6	95	2	46.6	14.6	100	5
red/grey	PILA60_15	PILA	5907	19192	532	-99	6000	6	2350	1	2018	-99	-99	11	3.13	100	10	3.9	100	15	10.4	95	3	19.2	8.8	100	5
red/grey	PILA60_15	PILA	5907	19192	532	-99	6000	7	2901	0	2018	-99	-99	13	3.93	100	9	7.02	100	16.5	6.7	100	3	27.6	11.3	100	5
red/grey	PILA60_15	PILA	5907	19192	532	-99	6000	8	2937	0	2018	-99	-99	14	2.97	100	14.5	5.13	100	-99	-99	-99	-99	27	10	100	5
red/LtGreen	PILA60_16	PILA	7535	19195	532	-99	6000	9	-99	0	2018	2018	-99	-99	-99	-99	-99	-99	-99	-99	-99	-99	-99	-99	-99	-99	-99
red/LtGreen	PILA60_16	PILA	7535	19195	532	-99	6000	10	-99	0	2018	2018	-99	-99	-99	-99	-99	-99	-99	-99	-99	-99	-99	-99	-99	-99	-99
red/LtGreen	PILA60_16	PILA	7535	19195	532	-99	6000	11	-99	0	2018	2018	-99	-99	-99	-99	-99	-99	-99	-99	-99	-99	-99	-99	-99	-99	-99
red/LtGreen	PILA60_16	PILA	7535	19195	532	-99	6000	3	-99	0	2018	2019	-99	13	2.77	100	-99	-99	-99	-99	-99	-99	-99	-99	-99	-99	-99
red/LtGreen	PILA60_16	PILA	7535	19195	532	-99	6000	6	-99	0	2018	2019	-99	12	3.08	100	-99	-99	-99	-99	-99	-99	-99	-99	-99	-99	-99
red/LtGreen	PILA60_16	PILA	7535	19195	532	-99	6000	7	2133	0	2018	2021	-99	18	3.92	100	19	6.8	100	-99	-99	-99	-99	-99	-99	-99	-99
red/LtGreen	PILA60_16	PILA	7535	19195	532	-99	6000	4	2159	0	2018	-99	-99	15	3.91	100	18	7.17	100	27.5	9.7	100	3	26.2	13.4	75	5
red/LtGreen	PILA60_16	PILA	7535	19195	532	-99	6000	8	2957	0	2018	-99	-99	11	3.15	100	13	5.47	100	24	9.2	100	3	31.2	10.7	75	3
red/LtGreen	PILA60_16	PILA	7535	19195	532	-99	6000	1	2802	0	2018	-99	-99	12	2.89	100	10	3.74	100	20.1	6.1	100	2	23.2	8.5	80	5
red/LtGreen	PILA60_16	PILA	7535	19195	532	-99	6000	5	2232	0	2018	-99	-99	17	3.93	100	18.5	6.17	100	28	11.5	100	3	54.4	13.8	100	3
red/LtGreen	PILA60_16	PILA	7535	19195	532	-99	6000	2	2845_2855	0	2018	-99	-99	15	4.64	100	-99	-99	-99	22	4.2	100	3	-99	-99	-99	-99
red/pink	PILA60_17	PILA	5908	19194	532	-99	6000	5	-99	0	2018	2018	-99	-99	-99	-99	-99	-99	-99	-99	-99	-99	-99	-99	-99	-99	-99
red/pink	PILA60_17	PILA	5908	19194	532	-99	6000	6	-99	0	2018	2018	-99	-99	-99	-99	-99	-99	-99	-99	-99	-99	-99	-99	-99	-99	-99
red/pink	PILA60_17	PILA	5908	19194	532	-99	6000	7	-99	0	2018	2018	-99	-99	-99	-99	-99	-99	-99	-99	-99	-99	-99	-99	-99	-99	-99
red/pink	PILA60_17	PILA	5908	19194	532	-99	6000	8	-99	0	2018	2018	-99	-99	-99	-99	-99	-99	-99	-99	-99	-99	-99	-99	-99	-99	-99
red/pink	PILA60_17	PILA	5908	19194	532	-99	6000	1	-99	0	2018	2019	-99	11	3.65	100	-99	-99	-99	-99	-99	-99	-99	-99	-99	-99	-99
red/pink	PILA60_17	PILA	5908	19194	532	-99	6000	3	1072	1	2018	-99	-99	11	3.85	100	18	6.21	100	28.7	11	100	3	39.2	12.6	100	5
red/pink	PILA60_17	PILA	5908	19194	532	-99	6000	2	2025	0	2018	-99	-99	12	3.47	100	19	7.64	100	-99	-99	-99	-99	60	15.6	100	5
red/pink	PILA60_17	PILA	5908	19194	532	-99	6000	4	2781	0	2018	-99	-99	-99	-99	-99	16.5	7.33	100	32	6.5	100	3	42.2	14.7	100	5
red/purple	PILA60_18	PILA	5889	7370	532	-99	6000	4	-99	0	2018	2018	-99	-99	-99	-99	-99	-99	-99	-99	-99	-99	-99	-99	-99	-99	-99
red/purple	PILA60_18	PILA	5889	7370	532	-99	6000	7	-99	0	2018	2018	-99	-99	-99	-99	-99	-99	-99	-99	-99	-99	-99	-99	-99	-99	-99
red/purple	PILA60_18	PILA	5889	7370	532	-99	6000	8	-99	0	2018	2018	-99	-99	-99	-99	-99	-99	-99	-99	-99	-99	-99	-99	-99	-99	-99
red/purple	PILA60_18	PILA	5889	7370	532	-99	6000	1	-99	0	2018	2019	-99	15	3.41	100	-99	-99	-99	-99	-99	-99	-99	-99	-99	-99	-99
red/purple	PILA60_18	PILA	5889	7370	532	-99	6000	-99	2760	0	2018	2020	-99	-99	-99	-99	6	1.3	25	-99	-99	-99	-99	-99	-99	-99	-99
red/purple	PILA60_18	PILA	5889	7370	532	-99	6000	3	1036	0	2018	-99	-99	17	4.08	100	16.5	7.46	100	39	8.2	100	3	46.2	14.1	75	5
red/purple	PILA60_18	PILA	5889	7370	532	-99	6000	5	1021	0	2018	-99	-99	15	3.86	100	20	5.11	100	24	6.3	90	2	34.6	9.9	100	5
red/purple	PILA60_18	PILA	5889	7370	532	-99	6000	6	2271	0	2018	-99	-99	13	3.12	100	6.5	3.9	100	20.2	4.6	95	3	30.2	10.3	100	5
red/purple	PILA60_18	PILA	5889	7370	532	-99	6000	2	1018	0	2018	-99	-99	12	3.15	100	-99	-99	-99	13.8	6.6	90	3	-99	-99	-99	-99
RegYellow/black	PILA60_19	PILA	7060	19415	531	-99	6000	6	-99	0	2018	2018	-99	-99	-99	-99	-99	-99	-99	-99	-99	-99	-99	-99	-99	-99	-99
RegYellow/black	PILA60_19	PILA	7060	19415	531	-99	6000	7	-99	0	2018	2018	-99	-99	-99	-99	-99	-99	-99	-99	-99	-99	-99	-99	-99	-99	-99
RegYellow/black	PILA60_19	PILA	7060	19415	531	-99	6000	2	2269/2256	0	2018	2020	-99	11	3.42	100	-99	-99	-99	-99	-99	-99	-99	-99	-99	-99	-99
RegYellow/black	PILA60_19	PILA	7060	19415	531	-99	6000	1	-99	0	2018	2019	-99	10	2.5	100	-99	-99	-99	-99	-99	-99	-99	-99	-99	-99	-99
RegYellow/black	PILA60_19	PILA	7060	19415	531	-99	6000	-99	2269	0	2018	2020	-99	11	3.42	100	-99	-99	-99	-99	-99	-99	-99	-99	-99	-99	-99
RegYellow/black	PILA60_19	PILA	7060	19415	531	-99	6000	4	2404	0	2018	-99	-99	12	3.36	100	15	6.3	100	45	12.7	100	3	29.6	10.6	90	5
RegYellow/black	PILA60_19	PILA	7060	19415	531	-99	6000	3	90	0	2018	-99	-99	-99	-99	-99	16	6.01	100	-99	-99	-99	-99	39.8	11.7	100	5
RegYellow/black	PILA60_19	PILA	7060	19415	531	-99	6000	-99	2256	0	2018	-99	-99	-99	-99	-99	29	7.52	100	-99	-99	-99	-99	53.6	16.2	100	3
RegYellow/black	PILA60_19	PILA	7060	19415	531	-99	6000	5	2830	1	2018	-99	-99	-99	-99	-99	18	5.44	100	26	8.8	100	3	35.8	13.3	100	5
RegYellow/black	PILA60_20	PILA	6178	19341	531	-99	6000	4	-99	0	2018	2018	-99	-99	-99	-99	-99	-99	-99	-99	-99	-99	-99	-99	-99	-99	-99
RegYellow/black	PILA60_20	PILA	6178	19341	531	-99	6000	5	-99	0	2018	2018	-99	-99	-99	-99	-99	-99	-99	-99	-99	-99	-99	-99	-99	-99	-99
RegYellow/black	PILA60_20	PILA	6178	19341	531	-99	6000	3	-99	0	2018	2019	-99	15	3.18	100	-99	-99	-99	-99	-99	-99	-99	-99	-99	-99	-99
RegYellow/black	PILA60_20	PILA	6178	19341	531	-99	6000	2	2787	0	2018	-99	-99	19	3.47	100	14	5.17	100	27.6	4.2	100	3	29.6	8.6	85	5
RegYellow/black	PILA60_20	PILA	6178	19341	531	-99	6000	1	2846	0	2018	-99	-99	11	3.48	100	18	6.05	100	-99	-99	-99	-99	46	13	100	5
RegYellow/black	PILA60_21	PILA	5961	19378	531	-99	6000	2	-99	0	2018	2018	-99	-99	-99	-99	-99	-99	-99	-99	-99	-99	-99	-99	-99	-99	-99
RegYellow/black	PILA60_21	PILA	5961	19378	531	-99	6000	3	-99	0	2018	2018	-99	-99	-99	-99	-99	-99	-99	-99	-99	-99	-99	-99	-99	-99	-99
RegYellow/black	PILA60_21	PILA	5961	19378	531	-99	6000	4	-99	0	2018	2018	-99	-99	-99	-99	-99	-99	-99	-99	-99	-99	-99	-99	-99	-99	-99
RegYellow/black	PILA60_21	PILA	5961	19378	531	-99	6000	5	-99	0	2018	2018	-99	-99	-99	-99	-99	-99	-99	-99	-99	-99	-99	-99	-99	-99	-99
RegYellow/black	PILA60_21	PILA	5961	19378	531	-99	6000	1	91	0	2018	2021	-99	-99	-99	-99	16	6.26	100	-99	-99	-99	-99	-99	-99	-99	-99
RegYellow/black	PILA60_21	PILA	5961	19378	531	-99	6000	-99	2872	0	2018	-99	-99	-99	-99	-99	11	4.43	100	16	5	100	3	25.2	9.8	100	5
RegYellow/black	PILA60_22	PILA	6146	19312	531	-99	6000	-99	2142	0	2018	2021	-99	11	2.57	100	15	4.1	100	-99	-99	-99	-99	-99	-99	-99	-99
RegYellow/black	PILA60_22	PILA	6146	19312	531	-99	6000	1	539	0	2018	2018	-99	-99	-99	-99	-99	-99	-99	-99	-99	-99	-99	-99	-99	-99	-99
RegYellow/black	PILA60_22	PILA	6146	19312	531	-99	6000	2	-99	0	2018	2018	-99	-99	-99	-99	-99	-99	-99	-99	-99	-99	-99	-99	-99	-99	-99
RegYellow/black	PILA60_22	PILA	6146	19312	531	-99	6000	4	-99	0	2018	2018	-99	-99	-99	-99	-99	-99	-99	-99	-99	-99	-99	-99	-99	-99	-99
RegYellow/black	PILA60_22	PILA	6146	19312	531	-99	6000	5	-99	0	2018	2018	-99	-99	-99	-99	-99	-99	-99	-99	-99	-99	-99	-99	-99	-99	-99
RegYellow/black	PILA60_22	PILA	6146	19312	531	-99	6000	6	-99	0	2018	2018	-99	-99	-99	-99	-99	-99	-99	-99	-99	-99	-99	-99	-99	-99	-99
RegYellow/black	PILA60_22	PILA	6146	19312	531	-99	6000	7	-99	0	2018	2018	-99	-99	-99	-99	-99	-99	-99	-99	-99	-99	-99	-99	-99	-99	-99
RegYellow/black	PILA60_22	PILA	6146	19312	531	-99	6000	3	278	0	2018	-99	-99	-99	-99	-99	32	9.91	100	-99	-99	-99	-99	71.2	17.6	100	5
RegYellow/black	PILA60_22	PILA	6146	19312	531	-99	6000	-99	2813	0	2018	-99	-99	-99	-99	-99	17.5	5.56	100	26.5	6.1	100	2	50.2	11.4	100	5
RegYellow/black	PILA60_23	PILA	6468	19380	531	-99	6000	8	-99	0	2018	2018	-99	-99	-99	-99	-99	-99	-99	-99	-99	-99	-99	-99	-99	-99	-99
RegYellow/black	PILA60_23	PILA	6468	19380	531	-99	6000	1	-99	0	2018	2019	-99	11	2.06	100	-99	-99	-99	-99	-99	-99	-99	-99	-99	-99	-99
RegYellow/black	PILA60_23	PILA	6468	19380	531	-99	6000	2	-99	0	2018	2019	-99	14	2.76	100	-99	-99	-99	-99	-99	-99	-99	-99	-99	-99	-99
RegYellow/black	PILA60_23	PILA	6468	19380	531	-99	6000	7	2303	0	2018	2020	-99	11	2.9	100	11	3.2	100	-99	-99	-99	0	-99	-99	-99	-99
RegYellow/black	PILA60_23	PILA	6468	19380	531	-99	6000	4	126	0	2018	2021	-99	11	3.26	100	13.5	5.3	100	-99	-99	-99	-99	-99	-99	-99	-99
RegYellow/black	PILA60_23	PILA	6468	19380	531	-99	6000	3	174	0	2018	2021	-99	13	3.79	100	20	5.4	100	-99	-99	-99	-99	-99	-99	-99	-99
RegYellow/black	PILA60_23	PILA	6468	19380	531	-99	6000	5	2120	0	2018	-99	-99	10	3.45	100	16.5	7.32	100	20.8	10.7	95	3	30.6	11.2	100	5
RegYellow/black	PILA60_23	PILA	6468	19380	531	-99	6000	6	2702	0	2018	-99	-99	20	3.41	100	17.5	6.54	-99	32.4	8.4	100	3	39.6	12.3	100	5
RegYellow/pink	PILA60_24	PILA	5963	19422	531	-99	6000	4	-99	0	2018	2018	-99	-99	-99	-99	-99	-99	-99	-99	-99	-99	-99	-99	-99	-99	-99
RegYellow/pink	PILA60_24	PILA	5963	19422	531	-99	6000	5	-99	0	2018	2018	-99	-99	-99	-99	-99	-99	-99	-99	-99	-99	-99	-99	-99	-99	-99
RegYellow/pink	PILA60_24	PILA	5963	19422	531	-99	6000	6	-99	0	2018	2018	-99	-99	-99	-99	-99	-99	-99	-99	-99	-99	-99	-99	-99	-99	-99
RegYellow/pink	PILA60_24	PILA	5963	19422	531	-99	6000	7	-99	0	2018	2018	-99	-99	-99	-99	-99	-99	-99	-99	-99	-99	-99	-99	-99	-99	-99
RegYellow/pink	PILA60_24	PILA	5963	19422	531	-99	6000	2	411	0	2018	2021	-99	-99	-99	-99	14.5	4.36	100	-99	-99	-99	-99	-99	-99	-99	-99
RegYellow/pink	PILA60_24	PILA	5963	19422	531	-99	6000	-99	2896	0	2018	2021	-99	-99	-99	-99	15.5	5.75	100	-99	-99	-99	-99	-99	-99	-99	-99
RegYellow/pink	PILA60_24	PILA	5963	19422	531	-99	6000	3	961	1	2018	-99	-99	-99	-99	-99	-99	-99	-99	21	10.7	90	3	37.8	10.4	100	5
RegYellow/pink	PILA60_24	PILA	5963	19422	531	-99	6000	-99	2221	1	2018	-99	-99	-99	-99	-99	16	6.04	100	27	8.8	95	3	34.6	11.7	100	5
RegYellow/pink	PILA60_24	PILA	5963	19422	531	-99	6000	-99	2991	0	2018	-99	-99	-99	-99	-99	22	6.56	100	42	16.5	100	3	57.2	15.5	100	5
RegYellow/pink	PILA60_24	PILA	5963	19422	531	-99	6000	1	128	1	2018	-99	-99	-99	-99	-99	19	6.46	100	32	10.5	100	3	-99	-99	-99	-99
RegYellow/red	PILA60_25	PILA	5782	19376	531	-99	6000	1	-99	0	2018	2018	-99	-99	-99	-99	-99	-99	-99	-99	-99	-99	-99	-99	-99	-99	-99
RegYellow/red	PILA60_25	PILA	5782	19376	531	-99	6000	2	-99	0	2018	2018	-99	-99	-99	-99	-99	-99	-99	-99	-99	-99	-99	-99	-99	-99	-99
RegYellow/red	PILA60_25	PILA	5782	19376	531	-99	6000	3	-99	0	2018	2018	-99	-99	-99	-99	-99	-99	-99	-99	-99	-99	-99	-99	-99	-99	-99
RegYellow/red	PILA60_25	PILA	5782	19376	531	-99	6000	4	-99	0	2018	2018	-99	-99	-99	-99	-99	-99	-99	-99	-99	-99	-99	-99	-99	-99	-99
RegYellow/red	PILA60_25	PILA	5782	19376	531	-99	6000	5	-99	0	2018	2018	-99	-99	-99	-99	-99	-99	-99	-99	-99	-99	-99	-99	-99	-99	-99
RegYellow/red	PILA60_25	PILA	5782	19376	531	-99	6000	6	-99	0	2018	2018	-99	-99	-99	-99	-99	-99	-99	-99	-99	-99	-99	-99	-99	-99	-99
RegYellow/red	PILA60_25	PILA	5782	19376	531	-99	6000	7	-99	0	2018	2018	-99	-99	-99	-99	-99	-99	-99	-99	-99	-99	-99	-99	-99	-99	-99
RegYellow/red	PILA60_25	PILA	5782	19376	531	-99	6000	-99	2963	0	2018	2021	-99	-99	-99	-99	8.5	3.25	100	-99	-99	-99	-99	-99	-99	-99	-99
RegYellow/red	PILA60_25	PILA	5782	19376	531	-99	6000	-99	1012	0	2018	2021	-99	-99	-99	-99	12	5.54	100	-99	-99	-99	-99	17.6	4.7	0	5
RegYellow/red	PILA60_25	PILA	5782	19376	531	-99	6000	-99	2016	0	2018	-99	-99	-99	-99	-99	13.5	4.58	100	16	3.7	90	2	20.2	6.9	85	5
RegYellow/red	PILA60_25	PILA	5782	19376	531	-99	6000	-99	2274	1	2018	-99	-99	-99	-99	-99	8.5	4.1	100	19.6	5	100	2	110.6	38.6	100	3
RegYellow/red	PILA60_25	PILA	5782	19376	531	-99	6000	-99	2895	0	2018	-99	-99	-99	-99	-99	16	5.82	100	23	10	95	3	31.8	11	100	5
RegYellow/red	PILA60_25	PILA	5782	19376	531	-99	6000	-99	2900	1	2018	-99	-99	-99	-99	-99	13	5.41	100	15.3	4.3	90	3	29.4	7.4	100	5
RegYellow/SkyBlue	PILA60_26	PILA	6144	19310	531	-99	6000	1	-99	0	2018	2018	-99	17	3.79	-99	-99	-99	-99	-99	-99	-99	-99	-99	-99	-99	-99
RegYellow/SkyBlue	PILA60_26	PILA	6144	19310	531	-99	6000	6	-99	0	2018	2018	-99	-99	-99	-99	-99	-99	-99	-99	-99	-99	-99	-99	-99	-99	-99
RegYellow/SkyBlue	PILA60_26	PILA	6144	19310	531	-99	6000	2	-99	0	2018	2019	-99	14	2.72	100	-99	-99	-99	-99	-99	-99	-99	-99	-99	-99	-99
RegYellow/SkyBlue	PILA60_26	PILA	6144	19310	531	-99	6000	3	-99	0	2018	2019	-99	11	3.7	100	-99	-99	-99	-99	-99	-99	-99	-99	-99	-99	-99
RegYellow/SkyBlue	PILA60_26	PILA	6144	19310	531	-99	6000	4	-99	0	2018	2019	-99	15	2.78	100	-99	-99	-99	-99	-99	-99	-99	-99	-99	-99	-99
RegYellow/SkyBlue	PILA60_26	PILA	6144	19310	531	-99	6000	5	-99	0	2018	2019	-99	12	2.62	100	-99	-99	-99	-99	-99	-99	-99	-99	-99	-99	-99
RegYellow/SkyBlue	PILA60_26	PILA	6144	19310	531	-99	6000	-99	2754	0	2018	2021	-99	-99	-99	-99	18	6.75	100	-99	-99	-99	-99	-99	-99	-99	-99
RegYellow/SkyBlue	PILA60_26	PILA	6144	19310	531	-99	6000	-99	1071	0	2018	2021	-99	-99	-99	-99	16	3.98	100	-99	-99	-99	-99	20.4	4	0	5
RegYellow/SkyBlue	PILA60_26	PILA	6144	19310	531	-99	6000	-99	2678	1	2018	2021	-99	11	3.7	100	10	5.71	100	10	8.7	100	2	13	6.9	0	5
RegYellow/SkyBlue	PILA60_26	PILA	6144	19310	531	-99	6000	-99	2352	1	2018	-99	-99	15	2.78	100	16.5	6.31	-99	21	6.5	100	3	30.2	7.2	100	5
SkyBlue	PILA55_5	PILA	-99	-99	531	-99	5500	-99	283	0	2018	-99	-99	-99	-99	-99	14	10.19	100	-99	-99	-99	-99	27.8	14.2	100	5
SkyBlue	PILA55_5	PILA	-99	-99	531	-99	5500	-99	2178	0	2018	-99	-99	-99	-99	-99	31	8.99	100	52	11.6	100	5	78	23.2	100	3
SkyBlue/DkBlue	PILA55_6	PILA	6151	19349	531	-99	5500	1	-99	0	2018	2018	-99	-99	-99	-99	-99	-99	-99	-99	-99	-99	-99	-99	-99	-99	-99
SkyBlue/DkBlue	PILA55_6	PILA	6151	19349	531	-99	5500	1	-99	0	2018	2019	-99	12	3.2	100	-99	-99	-99	-99	-99	-99	-99	-99	-99	-99	-99
SkyBlue/grey 	PILA55_7	PILA	6165	7555	531	-99	5500	3	-99	0	2018	2018	-99	-99	-99	-99	-99	-99	-99	-99	-99	-99	-99	-99	-99	-99	-99
SkyBlue/grey 	PILA55_7	PILA	6165	7555	531	-99	5500	4	-99	0	2018	2018	-99	-99	-99	-99	-99	-99	-99	-99	-99	-99	-99	-99	-99	-99	-99
SkyBlue/grey 	PILA55_7	PILA	6165	7555	531	-99	5500	5	-99	0	2018	2018	-99	-99	-99	-99	-99	-99	-99	-99	-99	-99	-99	-99	-99	-99	-99
SkyBlue/grey 	PILA55_7	PILA	6165	7555	531	-99	5500	6	-99	0	2018	2018	-99	-99	-99	-99	-99	-99	-99	-99	-99	-99	-99	-99	-99	-99	-99
SkyBlue/grey 	PILA55_7	PILA	6165	7555	531	-99	5500	2	2771	0	2018	2021	-99	13	2.82	100	19	4.58	100	30.8	10	100	3	35	9.2	0	5
SkyBlue/grey 	PILA55_7	PILA	6165	7555	531	-99	5500	1	2212	0	2018	-99	-99	20	4.35	100	25.5	8.42	100	50	13.6	90	5	77.2	21.6	100	5
SkyBlue/pink	PILA55_8	PILA	6166	7576	531	-99	5500	6	-99	0	2018	2018	-99	-99	-99	-99	-99	-99	-99	-99	-99	-99	-99	-99	-99	-99	-99
SkyBlue/pink	PILA55_8	PILA	6166	7576	531	-99	5500	4	-99	0	2018	2019	-99	14	3.93	100	-99	-99	-99	-99	-99	-99	-99	-99	-99	-99	-99
SkyBlue/pink	PILA55_8	PILA	6166	7576	531	-99	5500	5	-99	0	2018	2019	-99	13	3.14	100	-99	-99	-99	-99	-99	-99	-99	-99	-99	-99	-99
SkyBlue/pink	PILA55_8	PILA	6166	7576	531	-99	5500	2	2070	1	2018	2021	-99	8	3.78	100	18	4.71	100	24.5	6.8	100	2	29	7.4	0	5
SkyBlue/pink	PILA55_8	PILA	6166	7576	531	-99	5500	1	2166	0	2018	-99	-99	16	2.8	100	19	5.25	100	29	8.6	100	3	40	11.1	100	5
SkyBlue/pink	PILA55_8	PILA	6166	7576	531	-99	5500	3	2193	0	2018	-99	-99	18	4.63	100	22.5	11.02	100	40	15.4	100	5	70.8	19.6	100	5
SkyBlue/red	PILA55_9	PILA	6421	7900	531	-99	5500	2	-99	0	2018	2018	-99	-99	-99	-99	-99	-99	-99	-99	-99	-99	-99	-99	-99	-99	-99
SkyBlue/red	PILA55_9	PILA	6421	7900	531	-99	5500	1	621	0	2018	-99	-99	15	3.93	100	26.5	8.15	100	35.9	15	100	3	53.8	18.6	100	5
SkyBlue/RegYellow	PILA55_10	PILA	6149	19333	531	-99	5500	1	-99	0	2018	2018	-99	-99	-99	-99	-99	-99	-99	-99	-99	-99	-99	-99	-99	-99	-99
SkyBlue/RegYellow	PILA55_10	PILA	6149	19333	531	-99	5500	4	-99	0	2018	2018	-99	-99	-99	-99	-99	-99	-99	-99	-99	-99	-99	-99	-99	-99	-99
SkyBlue/RegYellow	PILA55_10	PILA	6149	19333	531	-99	5500	2	2919	0	2018	-99	-99	13	2.63	100	18.5	4.44	100	31	6	90	3	29.8	8.9	75	5
SkyBlue/RegYellow	PILA55_10	PILA	6149	19333	531	-99	5500	3	2881	0	2018	-99	-99	13	2.19	100	14	2.44	100	16.7	3.9	100	3	-99	-99	-99	-99
SkyBlue/SkyBlue 	PILA55_11	PILA	6766	19437	531	-99	5500	3	-99	0	2018	2018	-99	-99	-99	-99	-99	-99	-99	-99	-99	-99	-99	-99	-99	-99	-99
SkyBlue/SkyBlue 	PILA55_11	PILA	6766	19437	531	-99	5500	4	-99	0	2018	2018	-99	-99	-99	-99	-99	-99	-99	-99	-99	-99	-99	-99	-99	-99	-99
SkyBlue/SkyBlue 	PILA55_11	PILA	6766	19437	531	-99	5500	1	298	0	2018	2021	-99	-99	-99	-99	14	5.61	100	-99	-99	-99	-99	-99	-99	-99	-99
SkyBlue/SkyBlue 	PILA55_11	PILA	6766	19437	531	-99	5500	2	2913	0	2018	-99	-99	11	3.44	100	18.5	5.8	100	34	9.9	100	3	39.8	11.3	100	5
SkyBlue/black	PILA55_12	PILA	6171	7577	531	-99	5500	3	-99	0	2018	2018	-99	-99	-99	-99	-99	-99	-99	-99	-99	-99	-99	-99	-99	-99	-99
SkyBlue/black	PILA55_12	PILA	6171	7577	531	-99	5500	4	-99	0	2018	2018	-99	-99	-99	-99	-99	-99	-99	-99	-99	-99	-99	-99	-99	-99	-99
SkyBlue/black	PILA55_12	PILA	6171	7577	531	-99	5500	5	-99	0	2018	2018	-99	-99	-99	-99	-99	-99	-99	-99	-99	-99	-99	-99	-99	-99	-99
SkyBlue/black	PILA55_12	PILA	6171	7577	531	-99	5500	1	-99	0	2018	2019	-99	17	3.24	100	-99	-99	-99	-99	-99	-99	-99	-99	-99	-99	-99
SkyBlue/black	PILA55_12	PILA	6171	7577	531	-99	5500	2	2783	1	2018	2021	-99	21	4.65	100	19	6.63	100	22	6.8	100	3	30.2	8.5	0	5
SkyBlue/black	PILA55_12	PILA	6171	7577	531	-99	5500	-99	527	0	2018	-99	-99	-99	-99	-99	23.5	7.17	100	-99	-99	-99	-99	54.6	14.9	100	5
SkyBlue/clear	PILA55_13	PILA	6405	19370	531	-99	5500	5	-99	0	2018	2018	-99	16	2.4	-99	-99	-99	-99	-99	-99	-99	-99	-99	-99	-99	-99
SkyBlue/clear	PILA55_13	PILA	6405	19370	531	-99	5500	6	-99	0	2018	2018	-99	-99	-99	-99	-99	-99	-99	-99	-99	-99	-99	-99	-99	-99	-99
SkyBlue/clear	PILA55_13	PILA	6405	19370	531	-99	5500	7	-99	0	2018	2018	-99	-99	-99	-99	-99	-99	-99	-99	-99	-99	-99	-99	-99	-99	-99
SkyBlue/clear	PILA55_13	PILA	6405	19370	531	-99	5500	2	-99	0	2018	2019	-99	15	2.85	100	-99	-99	-99	-99	-99	-99	-99	-99	-99	-99	-99
SkyBlue/clear	PILA55_13	PILA	6405	19370	531	-99	5500	1	-99	0	2018	2019	-99	-99	2.23	100	-99	-99	-99	-99	-99	-99	-99	-99	-99	-99	-99
SkyBlue/clear	PILA55_13	PILA	6405	19370	531	-99	5500	-99	1666	0	2018	2021	-99	-99	-99	-99	11	3.27	75	-99	-99	-99	-99	9.6	6.1	0	-99
SkyBlue/clear	PILA55_13	PILA	6405	19370	531	-99	5500	-99	288	1	2018	-99	-99	-99	-99	-99	23	4.69	100	32	7.9	100	3	36.2	13.2	100	3
SkyBlue/clear	PILA55_13	PILA	6405	19370	531	-99	5500	3	407	0	2018	-99	-99	11	1.83	75	14	4.62	100	-99	-99	-99	-99	30.4	8.3	100	5
SkyBlue/clear	PILA55_13	PILA	6405	19370	531	-99	5500	4	2351	0	2018	-99	-99	11	2.52	75	14	4.64	100	20.8	4.3	100	3	23.4	5.7	100	5
SkyBlue/orange	PILA55_14	PILA	6156	19416	531	-99	5500	2	-99	0	2018	2019	-99	7	2.69	75	-99	-99	-99	-99	-99	-99	-99	-99	-99	-99	-99
SkyBlue/orange	PILA55_14	PILA	6156	19416	531	-99	5500	3	-99	0	2018	2019	-99	13	3.61	100	-99	-99	-99	-99	-99	-99	-99	-99	-99	-99	-99
SkyBlue/orange	PILA55_14	PILA	6156	19416	531	-99	5500	4	2817	0	2018	2020	-99	14	3.04	100	-99	-99	-99	-99	-99	-99	-99	-99	-99	-99	-99
SkyBlue/orange	PILA55_14	PILA	6156	19416	531	-99	5500	1	2604	0	2018	2021	-99	9	2.93	100	8	4.47	100	-99	-99	-99	-99	-99	-99	-99	-99
SkyBlue/orange	PILA55_14	PILA	6156	19416	531	-99	5500	-99	1048	0	2018	-99	-99	-99	-99	-99	18	6.45	100	-99	-99	-99	-99	43.8	23.4	100	5
SkyBlue/pink	PILA55_15	PILA	6166	7576	531	-99	5500	-99	2266	0	2018	2018	-99	-99	-99	-99	-99	-99	-99	-99	-99	-99	-99	-99	-99	-99	-99
SkyBlue/purple	PILA55_16	PILA	5193	19379	531	-99	5500	9	-99	0	2018	2018	-99	-99	-99	-99	-99	-99	-99	-99	-99	-99	-99	-99	-99	-99	-99
SkyBlue/purple	PILA55_16	PILA	5193	19379	531	-99	5500	2	-99	0	2018	2019	-99	16	4.2	100	-99	-99	-99	-99	-99	-99	-99	-99	-99	-99	-99
SkyBlue/purple	PILA55_16	PILA	5193	19379	531	-99	5500	7	2915	0	2018	2021	-99	10	3.2	-99	11	4.13	100	-99	-99	-99	-99	-99	-99	-99	-99
SkyBlue/purple	PILA55_16	PILA	5193	19379	531	-99	5500	6	2983	0	2018	2021	-99	10	3.37	100	13	5.15	100	-99	-99	-99	-99	-99	-99	-99	-99
SkyBlue/purple	PILA55_16	PILA	5193	19379	531	-99	5500	1	166	1	2018	2021	-99	16	3.61	100	28	13.93	75	20	5.2	80	3	27.6	10.1	0	5
SkyBlue/purple	PILA55_16	PILA	5193	19379	531	-99	5500	5	2809	1	2018	2021	-99	8	2.59	100	16	5	100	23	1	90	3	29.8	7.3	0	5
SkyBlue/purple	PILA55_16	PILA	5193	19379	531	-99	5500	3	1136	0	2018	-99	-99	10	3.63	100	15	4.81	100	21	8.4	40	2	27.6	9.9	100	5
SkyBlue/purple	PILA55_16	PILA	5193	19379	531	-99	5500	8	1562	0	2018	-99	-99	13	3.47	100	13	6.91	100	-99	-99	-99	-99	36.4	11.2	100	5
SkyBlue/purple	PILA55_16	PILA	5193	19379	531	-99	5500	4	2181	0	2018	-99	-99	11	3.63	100	18	4.5	100	35	9.6	100	3	53.4	16	100	5